X            Y             Z
3.280100e+06 -2.958420e+06 5.170410e+06
3.287338e+06 -2.945245e+06 5.173335e+06
3.294559e+06 -2.932055e+06 5.176233e+06
3.301763e+06 -2.918850e+06 5.179105e+06
3.308951e+06 -2.905630e+06 5.181951e+06
3.316121e+06 -2.892395e+06 5.184770e+06
3.323275e+06 -2.879146e+06 5.187563e+06
3.330412e+06 -2.865882e+06 5.190330e+06
3.337532e+06 -2.852603e+06 5.193070e+06
3.344635e+06 -2.839310e+06 5.195784e+06
3.351721e+06 -2.826003e+06 5.198472e+06
3.358789e+06 -2.812681e+06 5.201134e+06
3.365841e+06 -2.799345e+06 5.203769e+06
3.372876e+06 -2.785994e+06 5.206377e+06
3.379893e+06 -2.772630e+06 5.208959e+06
3.386893e+06 -2.759251e+06 5.211515e+06
3.393876e+06 -2.745858e+06 5.214044e+06
3.400842e+06 -2.732451e+06 5.216547e+06
3.407791e+06 -2.719030e+06 5.219023e+06
3.414722e+06 -2.705596e+06 5.221473e+06
3.421635e+06 -2.692148e+06 5.223897e+06
3.428532e+06 -2.678686e+06 5.226294e+06
3.435411e+06 -2.665210e+06 5.228664e+06
3.442272e+06 -2.651721e+06 5.231008e+06
3.449116e+06 -2.638218e+06 5.233325e+06
3.455942e+06 -2.624702e+06 5.235616e+06
3.462751e+06 -2.611173e+06 5.237880e+06
3.469542e+06 -2.597630e+06 5.240117e+06
3.476315e+06 -2.584074e+06 5.242328e+06
3.483071e+06 -2.570505e+06 5.244513e+06
3.489809e+06 -2.556922e+06 5.246670e+06
3.496529e+06 -2.543327e+06 5.248801e+06
3.503232e+06 -2.529719e+06 5.250906e+06
3.509917e+06 -2.516098e+06 5.252984e+06
3.516583e+06 -2.502464e+06 5.255035e+06
3.523232e+06 -2.488818e+06 5.257059e+06
3.529863e+06 -2.475158e+06 5.259057e+06
3.536476e+06 -2.461486e+06 5.261028e+06
3.543071e+06 -2.447802e+06 5.262973e+06
3.549648e+06 -2.434105e+06 5.264891e+06
3.556207e+06 -2.420396e+06 5.266782e+06
3.562748e+06 -2.406674e+06 5.268646e+06
3.569270e+06 -2.392941e+06 5.270483e+06
3.575775e+06 -2.379195e+06 5.272294e+06
3.582261e+06 -2.365437e+06 5.274078e+06
3.588729e+06 -2.351667e+06 5.275835e+06
3.595179e+06 -2.337884e+06 5.277566e+06
3.601610e+06 -2.324090e+06 5.279270e+06
3.608024e+06 -2.310285e+06 5.280947e+06
3.614418e+06 -2.296467e+06 5.282597e+06
3.620795e+06 -2.282638e+06 5.284220e+06
3.627153e+06 -2.268797e+06 5.285816e+06
3.633492e+06 -2.254944e+06 5.287386e+06
3.639813e+06 -2.241081e+06 5.288929e+06
3.646116e+06 -2.227205e+06 5.290445e+06
3.652400e+06 -2.213319e+06 5.291934e+06
3.658665e+06 -2.199421e+06 5.293396e+06
3.664912e+06 -2.185512e+06 5.294832e+06
3.671140e+06 -2.171591e+06 5.296240e+06
3.677349e+06 -2.157660e+06 5.297622e+06
3.683540e+06 -2.143718e+06 5.298977e+06
3.689712e+06 -2.129765e+06 5.300304e+06
3.695865e+06 -2.115801e+06 5.301605e+06
3.701999e+06 -2.101826e+06 5.302879e+06
3.708115e+06 -2.087840e+06 5.304127e+06
3.714211e+06 -2.073844e+06 5.305347e+06
3.720289e+06 -2.059838e+06 5.306540e+06
3.726348e+06 -2.045820e+06 5.307706e+06
3.732387e+06 -2.031793e+06 5.308846e+06
3.738408e+06 -2.017755e+06 5.309958e+06
3.744410e+06 -2.003707e+06 5.311044e+06
3.750393e+06 -1.989648e+06 5.312102e+06
3.756356e+06 -1.975580e+06 5.313134e+06
3.762301e+06 -1.961501e+06 5.314139e+06
3.768226e+06 -1.947413e+06 5.315116e+06
3.774132e+06 -1.933314e+06 5.316067e+06
3.780019e+06 -1.919206e+06 5.316991e+06
3.785887e+06 -1.905088e+06 5.317887e+06
3.791735e+06 -1.890960e+06 5.318757e+06
3.797565e+06 -1.876823e+06 5.319600e+06
3.803374e+06 -1.862676e+06 5.320416e+06
3.809165e+06 -1.848519e+06 5.321204e+06
3.814936e+06 -1.834353e+06 5.321966e+06
3.820688e+06 -1.820178e+06 5.322701e+06
3.826420e+06 -1.805994e+06 5.323408e+06
3.832132e+06 -1.791800e+06 5.324089e+06
3.837826e+06 -1.777597e+06 5.324743e+06
3.843499e+06 -1.763386e+06 5.325369e+06
3.849153e+06 -1.749165e+06 5.325969e+06
3.854788e+06 -1.734935e+06 5.326541e+06
3.860403e+06 -1.720697e+06 5.327087e+06
3.865998e+06 -1.706449e+06 5.327605e+06
3.871574e+06 -1.692193e+06 5.328097e+06
3.877130e+06 -1.677929e+06 5.328561e+06
3.882666e+06 -1.663656e+06 5.328999e+06
3.888182e+06 -1.649374e+06 5.329409e+06
3.893679e+06 -1.635084e+06 5.329792e+06
3.899155e+06 -1.620786e+06 5.330148e+06
3.904612e+06 -1.606479e+06 5.330477e+06
3.910049e+06 -1.592165e+06 5.330779e+06
3.915466e+06 -1.577842e+06 5.331054e+06
3.920863e+06 -1.563511e+06 5.331302e+06
3.926241e+06 -1.549172e+06 5.331523e+06
3.931598e+06 -1.534825e+06 5.331717e+06
3.936935e+06 -1.520471e+06 5.331884e+06
3.942252e+06 -1.506109e+06 5.332024e+06
3.947549e+06 -1.491739e+06 5.332136e+06
3.952826e+06 -1.477361e+06 5.332222e+06
3.958083e+06 -1.462976e+06 5.332280e+06
3.963320e+06 -1.448584e+06 5.332312e+06
3.968537e+06 -1.434184e+06 5.332316e+06
3.973733e+06 -1.419776e+06 5.332293e+06
3.978909e+06 -1.405362e+06 5.332243e+06
3.984065e+06 -1.390941e+06 5.332167e+06
3.989201e+06 -1.376512e+06 5.332063e+06
3.994316e+06 -1.362076e+06 5.331932e+06
3.999411e+06 -1.347634e+06 5.331774e+06
4.004485e+06 -1.333184e+06 5.331589e+06
4.009540e+06 -1.318728e+06 5.331376e+06
4.014573e+06 -1.304265e+06 5.331137e+06
4.019587e+06 -1.289795e+06 5.330871e+06
4.024580e+06 -1.275319e+06 5.330577e+06
4.029552e+06 -1.260837e+06 5.330257e+06
4.034504e+06 -1.246348e+06 5.329909e+06
4.039435e+06 -1.231852e+06 5.329535e+06
4.044346e+06 -1.217351e+06 5.329133e+06
4.049236e+06 -1.202843e+06 5.328705e+06
4.054106e+06 -1.188329e+06 5.328249e+06
4.058955e+06 -1.173809e+06 5.327766e+06
4.063783e+06 -1.159283e+06 5.327256e+06
4.068591e+06 -1.144751e+06 5.326719e+06
4.073377e+06 -1.130213e+06 5.326156e+06
4.078144e+06 -1.115669e+06 5.325565e+06
4.082889e+06 -1.101120e+06 5.324947e+06
4.087613e+06 -1.086565e+06 5.324302e+06
4.092317e+06 -1.072005e+06 5.323630e+06
4.097000e+06 -1.057439e+06 5.322931e+06
4.101662e+06 -1.042868e+06 5.322205e+06
4.106303e+06 -1.028292e+06 5.321451e+06
4.110924e+06 -1.013710e+06 5.320671e+06
4.115523e+06 -9.991231e+05 5.319864e+06
4.120102e+06 -9.845312e+05 5.319030e+06
4.124659e+06 -9.699342e+05 5.318169e+06
4.129195e+06 -9.553323e+05 5.317281e+06
4.133711e+06 -9.407255e+05 5.316366e+06
4.138205e+06 -9.261140e+05 5.315424e+06
4.142678e+06 -9.114977e+05 5.314455e+06
4.147131e+06 -8.968768e+05 5.313458e+06
4.151562e+06 -8.822513e+05 5.312435e+06
4.155972e+06 -8.676213e+05 5.311385e+06
4.160361e+06 -8.529870e+05 5.310308e+06
4.164728e+06 -8.383482e+05 5.309204e+06
4.169075e+06 -8.237052e+05 5.308074e+06
4.173400e+06 -8.090580e+05 5.306916e+06
4.177704e+06 -7.944067e+05 5.305731e+06
4.181986e+06 -7.797514e+05 5.304519e+06
4.186248e+06 -7.650920e+05 5.303281e+06
4.190488e+06 -7.504288e+05 5.302015e+06
4.194707e+06 -7.357618e+05 5.300722e+06
4.198904e+06 -7.210910e+05 5.299403e+06
4.203080e+06 -7.064165e+05 5.298057e+06
4.207234e+06 -6.917384e+05 5.296684e+06
4.211368e+06 -6.770569e+05 5.295283e+06
4.215479e+06 -6.623718e+05 5.293856e+06
4.219570e+06 -6.476834e+05 5.292403e+06
4.223638e+06 -6.329917e+05 5.290922e+06
4.227686e+06 -6.182968e+05 5.289414e+06
4.231711e+06 -6.035988e+05 5.287880e+06
4.235716e+06 -5.888976e+05 5.286319e+06
4.239698e+06 -5.741935e+05 5.284730e+06
4.243659e+06 -5.594864e+05 5.283115e+06
4.247599e+06 -5.447765e+05 5.281474e+06
4.251517e+06 -5.300638e+05 5.279805e+06
4.255413e+06 -5.153484e+05 5.278110e+06
4.259287e+06 -5.006304e+05 5.276387e+06
4.263140e+06 -4.859099e+05 5.274638e+06
4.266971e+06 -4.711868e+05 5.272863e+06
4.270781e+06 -4.564614e+05 5.271060e+06
4.274568e+06 -4.417336e+05 5.269231e+06
4.278334e+06 -4.270036e+05 5.267375e+06
4.282078e+06 -4.122715e+05 5.265492e+06
4.285801e+06 -3.975372e+05 5.263583e+06
4.289501e+06 -3.828009e+05 5.261646e+06
4.293180e+06 -3.680626e+05 5.259683e+06
4.296837e+06 -3.533225e+05 5.257694e+06
4.300471e+06 -3.385806e+05 5.255677e+06
4.304084e+06 -3.238369e+05 5.253634e+06
4.307676e+06 -3.090916e+05 5.251565e+06
4.311245e+06 -2.943448e+05 5.249468e+06
4.314792e+06 -2.795964e+05 5.247345e+06
4.318317e+06 -2.648466e+05 5.245195e+06
4.321820e+06 -2.500955e+05 5.243019e+06
4.325302e+06 -2.353431e+05 5.240816e+06
4.328761e+06 -2.205894e+05 5.238587e+06
4.332198e+06 -2.058347e+05 5.236331e+06
4.335613e+06 -1.910789e+05 5.234048e+06
4.339006e+06 -1.763222e+05 5.231739e+06
4.342377e+06 -1.615645e+05 5.229403e+06
4.345726e+06 -1.468060e+05 5.227040e+06
4.349053e+06 -1.320468e+05 5.224651e+06
4.352357e+06 -1.172869e+05 5.222236e+06
4.355640e+06 -1.025264e+05 5.219794e+06
4.358900e+06 -8.776541e+04 5.217325e+06
4.362138e+06 -7.300395e+04 5.214830e+06
4.365354e+06 -5.824211e+04 5.212309e+06
4.368547e+06 -4.347998e+04 5.209761e+06
4.371719e+06 -2.871763e+04 5.207187e+06
4.374868e+06 -1.395514e+04 5.204586e+06
4.377995e+06 8.074357e+02 5.201959e+06
4.381099e+06 1.557000e+04 5.199305e+06
4.384181e+06 3.033249e+04 5.196625e+06
4.387241e+06 4.509482e+04 5.193919e+06
4.390279e+06 5.985692e+04 5.191186e+06
4.393294e+06 7.461872e+04 5.188427e+06
4.396287e+06 8.938014e+04 5.185641e+06
4.399257e+06 1.041411e+05 5.182829e+06
4.402205e+06 1.189015e+05 5.179991e+06
4.405131e+06 1.336614e+05 5.177127e+06
4.408034e+06 1.484205e+05 5.174236e+06
4.410915e+06 1.631789e+05 5.171319e+06
4.413773e+06 1.779365e+05 5.168376e+06
4.416609e+06 1.926931e+05 5.165406e+06
4.419423e+06 2.074488e+05 5.162411e+06
4.422213e+06 2.222034e+05 5.159389e+06
4.424982e+06 2.369569e+05 5.156341e+06
4.427728e+06 2.517092e+05 5.153266e+06
4.430451e+06 2.664602e+05 5.150166e+06
4.433151e+06 2.812098e+05 5.147039e+06
4.435830e+06 2.959580e+05 5.143886e+06
4.438485e+06 3.107047e+05 5.140708e+06
4.441118e+06 3.254498e+05 5.137503e+06
4.443728e+06 3.401933e+05 5.134272e+06
4.446316e+06 3.549350e+05 5.131014e+06
4.448881e+06 3.696749e+05 5.127731e+06
4.451423e+06 3.844130e+05 5.124422e+06
4.453943e+06 3.991490e+05 5.121087e+06
4.456440e+06 4.138831e+05 5.117726e+06
4.458915e+06 4.286150e+05 5.114338e+06
4.461366e+06 4.433448e+05 5.110925e+06
4.463795e+06 4.580723e+05 5.107486e+06
4.466201e+06 4.727975e+05 5.104021e+06
4.468585e+06 4.875202e+05 5.100530e+06
4.470946e+06 5.022405e+05 5.097013e+06
4.473283e+06 5.169582e+05 5.093470e+06
4.475599e+06 5.316733e+05 5.089902e+06
4.477891e+06 5.463857e+05 5.086307e+06
4.480161e+06 5.610953e+05 5.082687e+06
4.482407e+06 5.758020e+05 5.079041e+06
4.484631e+06 5.905059e+05 5.075369e+06
4.486832e+06 6.052067e+05 5.071671e+06
4.489011e+06 6.199044e+05 5.067948e+06
4.491166e+06 6.345989e+05 5.064199e+06
4.493299e+06 6.492903e+05 5.060424e+06
4.495408e+06 6.639783e+05 5.056623e+06
4.497495e+06 6.786630e+05 5.052797e+06
4.499559e+06 6.933442e+05 5.048945e+06
4.501600e+06 7.080218e+05 5.045068e+06
4.503618e+06 7.226959e+05 5.041165e+06
4.505613e+06 7.373662e+05 5.037236e+06
4.507585e+06 7.520329e+05 5.033282e+06
4.509534e+06 7.666957e+05 5.029302e+06
4.511460e+06 7.813545e+05 5.025296e+06
4.513364e+06 7.960095e+05 5.021266e+06
4.515244e+06 8.106603e+05 5.017209e+06
4.517101e+06 8.253070e+05 5.013127e+06
4.518936e+06 8.399496e+05 5.009020e+06
4.520747e+06 8.545878e+05 5.004887e+06
4.522535e+06 8.692217e+05 5.000729e+06
4.524300e+06 8.838512e+05 4.996545e+06
4.526043e+06 8.984762e+05 4.992337e+06
4.527762e+06 9.130966e+05 4.988102e+06
4.529458e+06 9.277123e+05 4.983843e+06
4.531131e+06 9.423233e+05 4.979558e+06
4.532781e+06 9.569296e+05 4.975248e+06
4.534408e+06 9.715309e+05 4.970912e+06
4.536011e+06 9.861273e+05 4.966551e+06
4.537592e+06 1.000719e+06 4.962165e+06
4.539150e+06 1.015305e+06 4.957754e+06
4.540684e+06 1.029886e+06 4.953318e+06
4.542196e+06 1.044462e+06 4.948857e+06
4.543684e+06 1.059033e+06 4.944370e+06
4.545149e+06 1.073598e+06 4.939858e+06
4.546591e+06 1.088157e+06 4.935322e+06
4.548010e+06 1.102712e+06 4.930760e+06
4.549405e+06 1.117260e+06 4.926173e+06
4.550778e+06 1.131803e+06 4.921561e+06
4.552127e+06 1.146340e+06 4.916924e+06
4.553453e+06 1.160871e+06 4.912262e+06
4.554756e+06 1.175397e+06 4.907576e+06
4.556036e+06 1.189916e+06 4.902864e+06
4.557292e+06 1.204429e+06 4.898127e+06
4.558526e+06 1.218936e+06 4.893366e+06
4.559736e+06 1.233437e+06 4.888580e+06
4.560923e+06 1.247932e+06 4.883769e+06
4.562086e+06 1.262420e+06 4.878933e+06
4.563227e+06 1.276902e+06 4.874072e+06
4.564344e+06 1.291378e+06 4.869187e+06
4.565438e+06 1.305846e+06 4.864277e+06
4.566509e+06 1.320309e+06 4.859342e+06
4.567556e+06 1.334764e+06 4.854382e+06
4.568580e+06 1.349213e+06 4.849398e+06
4.569581e+06 1.363654e+06 4.844389e+06
4.570559e+06 1.378089e+06 4.839356e+06
4.571513e+06 1.392517e+06 4.834298e+06
4.572444e+06 1.406938e+06 4.829215e+06
4.573352e+06 1.421351e+06 4.824108e+06
4.574237e+06 1.435758e+06 4.818977e+06
4.575098e+06 1.450157e+06 4.813821e+06
4.575936e+06 1.464548e+06 4.808640e+06
4.576751e+06 1.478933e+06 4.803436e+06
4.577542e+06 1.493309e+06 4.798206e+06
4.578310e+06 1.507678e+06 4.792953e+06
4.579055e+06 1.522040e+06 4.787675e+06
4.579776e+06 1.536393e+06 4.782373e+06
4.580474e+06 1.550739e+06 4.777046e+06
4.581149e+06 1.565077e+06 4.771695e+06
4.581801e+06 1.579407e+06 4.766320e+06
4.582429e+06 1.593729e+06 4.760921e+06
4.583034e+06 1.608042e+06 4.755498e+06
4.583615e+06 1.622348e+06 4.750050e+06
4.584173e+06 1.636645e+06 4.744579e+06
4.584708e+06 1.650934e+06 4.739083e+06
4.585219e+06 1.665215e+06 4.733563e+06
4.585707e+06 1.679487e+06 4.728019e+06
4.586172e+06 1.693750e+06 4.722451e+06
4.586613e+06 1.708005e+06 4.716860e+06
4.587031e+06 1.722252e+06 4.711244e+06
4.587426e+06 1.736489e+06 4.705604e+06
4.587797e+06 1.750718e+06 4.699940e+06
4.588145e+06 1.764937e+06 4.694253e+06
4.588470e+06 1.779148e+06 4.688542e+06
4.588771e+06 1.793350e+06 4.682807e+06
4.589049e+06 1.807542e+06 4.677048e+06
4.589304e+06 1.821726e+06 4.671265e+06
4.589535e+06 1.835900e+06 4.665459e+06
4.589742e+06 1.850064e+06 4.659629e+06
4.589927e+06 1.864220e+06 4.653775e+06
4.590088e+06 1.878365e+06 4.647898e+06
4.590225e+06 1.892502e+06 4.641997e+06
4.590340e+06 1.906628e+06 4.636073e+06
4.590430e+06 1.920745e+06 4.630125e+06
4.590498e+06 1.934852e+06 4.624153e+06
4.590542e+06 1.948949e+06 4.618158e+06
4.590563e+06 1.963037e+06 4.612140e+06
4.590560e+06 1.977114e+06 4.606098e+06
4.590534e+06 1.991181e+06 4.600032e+06
4.590485e+06 2.005238e+06 4.593944e+06
4.590412e+06 2.019285e+06 4.587832e+06
4.590316e+06 2.033322e+06 4.581697e+06
4.590197e+06 2.047348e+06 4.575538e+06
4.590054e+06 2.061364e+06 4.569356e+06
4.589887e+06 2.075369e+06 4.563152e+06
4.589698e+06 2.089364e+06 4.556923e+06
4.589485e+06 2.103348e+06 4.550672e+06
4.589249e+06 2.117321e+06 4.544398e+06
4.588989e+06 2.131284e+06 4.538100e+06
4.588706e+06 2.145236e+06 4.531780e+06
4.588399e+06 2.159177e+06 4.525437e+06
4.588069e+06 2.173107e+06 4.519070e+06
4.587716e+06 2.187025e+06 4.512681e+06
4.587340e+06 2.200933e+06 4.506268e+06
4.586940e+06 2.214830e+06 4.499833e+06
4.586517e+06 2.228715e+06 4.493375e+06
4.586070e+06 2.242589e+06 4.486894e+06
4.585600e+06 2.256451e+06 4.480391e+06
4.585107e+06 2.270302e+06 4.473864e+06
4.584590e+06 2.284141e+06 4.467315e+06
4.584050e+06 2.297969e+06 4.460744e+06
4.583487e+06 2.311785e+06 4.454149e+06
4.582900e+06 2.325589e+06 4.447532e+06
4.582290e+06 2.339382e+06 4.440893e+06
4.581657e+06 2.353162e+06 4.434230e+06
4.581000e+06 2.366931e+06 4.427546e+06
4.580320e+06 2.380687e+06 4.420839e+06
4.579617e+06 2.394432e+06 4.414109e+06
4.578890e+06 2.408164e+06 4.407357e+06
4.578140e+06 2.421884e+06 4.400583e+06
4.577367e+06 2.435591e+06 4.393786e+06
4.576570e+06 2.449286e+06 4.386967e+06
4.575750e+06 2.462969e+06 4.380126e+06
4.574907e+06 2.476639e+06 4.373262e+06
4.574041e+06 2.490297e+06 4.366376e+06
4.573151e+06 2.503942e+06 4.359468e+06
4.572238e+06 2.517574e+06 4.352538e+06
4.571302e+06 2.531193e+06 4.345586e+06
4.570342e+06 2.544799e+06 4.338612e+06
4.569359e+06 2.558393e+06 4.331616e+06
4.568353e+06 2.571973e+06 4.324597e+06
4.567324e+06 2.585541e+06 4.317557e+06
4.566271e+06 2.599095e+06 4.310495e+06
4.565195e+06 2.612636e+06 4.303411e+06
4.564096e+06 2.626163e+06 4.296305e+06
4.562973e+06 2.639678e+06 4.289177e+06
4.561828e+06 2.653178e+06 4.282028e+06
4.560659e+06 2.666666e+06 4.274857e+06
4.559467e+06 2.680139e+06 4.267664e+06
4.558252e+06 2.693599e+06 4.260449e+06
4.557013e+06 2.707046e+06 4.253213e+06
4.555751e+06 2.720478e+06 4.245955e+06
4.554466e+06 2.733897e+06 4.238676e+06
4.553158e+06 2.747302e+06 4.231375e+06
4.551827e+06 2.760693e+06 4.224053e+06
4.550473e+06 2.774069e+06 4.216709e+06
4.549095e+06 2.787432e+06 4.209344e+06
4.547694e+06 2.800781e+06 4.201957e+06
4.546270e+06 2.814115e+06 4.194549e+06
4.544823e+06 2.827435e+06 4.187120e+06
4.543353e+06 2.840740e+06 4.179670e+06
4.541860e+06 2.854031e+06 4.172198e+06
4.540343e+06 2.867307e+06 4.164705e+06
4.538803e+06 2.880569e+06 4.157191e+06
4.537241e+06 2.893816e+06 4.149656e+06
4.535655e+06 2.907049e+06 4.142100e+06
4.534046e+06 2.920267e+06 4.134522e+06
4.532414e+06 2.933469e+06 4.126924e+06
4.530759e+06 2.946657e+06 4.119305e+06
4.529081e+06 2.959830e+06 4.111665e+06
4.527379e+06 2.972988e+06 4.104004e+06
4.525655e+06 2.986130e+06 4.096322e+06
4.523908e+06 2.999258e+06 4.088620e+06
4.522138e+06 3.012370e+06 4.080896e+06
4.520344e+06 3.025467e+06 4.073152e+06
4.518528e+06 3.038548e+06 4.065387e+06
4.516688e+06 3.051614e+06 4.057602e+06
4.514826e+06 3.064665e+06 4.049796e+06
4.512941e+06 3.077699e+06 4.041969e+06
4.511032e+06 3.090719e+06 4.034122e+06
4.509101e+06 3.103722e+06 4.026255e+06
4.507147e+06 3.116709e+06 4.018367e+06
4.505169e+06 3.129681e+06 4.010458e+06
4.503169e+06 3.142637e+06 4.002530e+06
4.501146e+06 3.155577e+06 3.994581e+06
4.499100e+06 3.168500e+06 3.986611e+06
4.497031e+06 3.181408e+06 3.978622e+06
4.494939e+06 3.194299e+06 3.970612e+06
4.492825e+06 3.207175e+06 3.962582e+06
4.490687e+06 3.220033e+06 3.954532e+06
4.488526e+06 3.232876e+06 3.946462e+06
4.486343e+06 3.245702e+06 3.938371e+06
4.484137e+06 3.258511e+06 3.930261e+06
4.481908e+06 3.271304e+06 3.922131e+06
4.479656e+06 3.284080e+06 3.913981e+06
4.477382e+06 3.296839e+06 3.905811e+06
4.475084e+06 3.309582e+06 3.897621e+06
4.472764e+06 3.322308e+06 3.889412e+06
4.470421e+06 3.335017e+06 3.881182e+06
4.468055e+06 3.347709e+06 3.872933e+06
4.465667e+06 3.360384e+06 3.864665e+06
4.463255e+06 3.373041e+06 3.856376e+06
4.460822e+06 3.385682e+06 3.848068e+06
4.458365e+06 3.398305e+06 3.839741e+06
4.455885e+06 3.410911e+06 3.831394e+06
4.453383e+06 3.423500e+06 3.823028e+06
4.450859e+06 3.436071e+06 3.814642e+06
4.448311e+06 3.448625e+06 3.806237e+06
4.445741e+06 3.461161e+06 3.797812e+06
4.443149e+06 3.473680e+06 3.789369e+06
4.440533e+06 3.486180e+06 3.780906e+06
4.437895e+06 3.498663e+06 3.772423e+06
4.435235e+06 3.511129e+06 3.763922e+06
4.432552e+06 3.523576e+06 3.755402e+06
4.429846e+06 3.536006e+06 3.746862e+06
4.427118e+06 3.548417e+06 3.738304e+06
4.424367e+06 3.560811e+06 3.729726e+06
4.421594e+06 3.573186e+06 3.721130e+06
4.418798e+06 3.585543e+06 3.712514e+06
4.415980e+06 3.597882e+06 3.703880e+06
4.413139e+06 3.610202e+06 3.695227e+06
4.410276e+06 3.622504e+06 3.686555e+06
4.407390e+06 3.634788e+06 3.677865e+06
4.404482e+06 3.647053e+06 3.669156e+06
4.401551e+06 3.659300e+06 3.660428e+06
4.398598e+06 3.671528e+06 3.651682e+06
4.395623e+06 3.683737e+06 3.642917e+06
4.392625e+06 3.695928e+06 3.634133e+06
4.389605e+06 3.708099e+06 3.625331e+06
4.386562e+06 3.720252e+06 3.616511e+06
4.383498e+06 3.732386e+06 3.607673e+06
4.380411e+06 3.744501e+06 3.598816e+06
4.377301e+06 3.756597e+06 3.589940e+06
4.374169e+06 3.768673e+06 3.581047e+06
4.371015e+06 3.780731e+06 3.572135e+06
4.367839e+06 3.792769e+06 3.563206e+06
4.364641e+06 3.804788e+06 3.554258e+06
4.361420e+06 3.816788e+06 3.545292e+06
4.358177e+06 3.828768e+06 3.536308e+06
4.354912e+06 3.840728e+06 3.527306e+06
4.351625e+06 3.852669e+06 3.518286e+06
4.348315e+06 3.864591e+06 3.509249e+06
4.344983e+06 3.876493e+06 3.500193e+06
4.341630e+06 3.888375e+06 3.491120e+06
4.338254e+06 3.900237e+06 3.482029e+06
4.334856e+06 3.912079e+06 3.472921e+06
4.331436e+06 3.923902e+06 3.463794e+06
4.327994e+06 3.935704e+06 3.454651e+06
4.324530e+06 3.947487e+06 3.445489e+06
4.321044e+06 3.959249e+06 3.436310e+06
4.317536e+06 3.970991e+06 3.427114e+06
4.314006e+06 3.982713e+06 3.417900e+06
4.310454e+06 3.994415e+06 3.408669e+06
4.306880e+06 4.006096e+06 3.399421e+06
4.303284e+06 4.017757e+06 3.390155e+06
4.299666e+06 4.029398e+06 3.380873e+06
4.296026e+06 4.041018e+06 3.371573e+06
4.292365e+06 4.052617e+06 3.362255e+06
4.288681e+06 4.064196e+06 3.352921e+06
4.284976e+06 4.075754e+06 3.343570e+06
4.281249e+06 4.087291e+06 3.334202e+06
4.277500e+06 4.098808e+06 3.324817e+06
4.273729e+06 4.110303e+06 3.315415e+06
4.269937e+06 4.121778e+06 3.305996e+06
4.266123e+06 4.133232e+06 3.296560e+06
4.262287e+06 4.144665e+06 3.287108e+06
4.258429e+06 4.156076e+06 3.277639e+06
4.254550e+06 4.167467e+06 3.268153e+06
4.250649e+06 4.178836e+06 3.258651e+06
4.246726e+06 4.190184e+06 3.249132e+06
4.242782e+06 4.201510e+06 3.239597e+06
4.238816e+06 4.212816e+06 3.230045e+06
4.234829e+06 4.224099e+06 3.220477e+06
4.230820e+06 4.235362e+06 3.210892e+06
4.226789e+06 4.246602e+06 3.201292e+06
4.222737e+06 4.257821e+06 3.191675e+06
4.218664e+06 4.269019e+06 3.182041e+06
4.214569e+06 4.280194e+06 3.172392e+06
4.210452e+06 4.291348e+06 3.162726e+06
4.206314e+06 4.302480e+06 3.153045e+06
4.202155e+06 4.313590e+06 3.143347e+06
4.197974e+06 4.324678e+06 3.133634e+06
4.193772e+06 4.335744e+06 3.123904e+06
4.189549e+06 4.346788e+06 3.114159e+06
4.185304e+06 4.357810e+06 3.104398e+06
4.181038e+06 4.368810e+06 3.094621e+06
4.176751e+06 4.379787e+06 3.084828e+06
4.172442e+06 4.390743e+06 3.075020e+06
4.168112e+06 4.401675e+06 3.065196e+06
4.163761e+06 4.412586e+06 3.055357e+06
4.159389e+06 4.423474e+06 3.045502e+06
4.154995e+06 4.434339e+06 3.035631e+06
4.150580e+06 4.445182e+06 3.025745e+06
4.146145e+06 4.456002e+06 3.015844e+06
4.141688e+06 4.466800e+06 3.005928e+06
4.137210e+06 4.477574e+06 2.995996e+06
4.132711e+06 4.488326e+06 2.986049e+06
4.128191e+06 4.499055e+06 2.976087e+06
4.123649e+06 4.509762e+06 2.966109e+06
4.119087e+06 4.520445e+06 2.956117e+06
4.114504e+06 4.531105e+06 2.946110e+06
4.109900e+06 4.541742e+06 2.936088e+06
4.105275e+06 4.552356e+06 2.926050e+06
4.100629e+06 4.562947e+06 2.915998e+06
4.095963e+06 4.573515e+06 2.905931e+06
4.091275e+06 4.584059e+06 2.895850e+06
4.086567e+06 4.594580e+06 2.885754e+06
4.081837e+06 4.605077e+06 2.875643e+06
4.077087e+06 4.615552e+06 2.865517e+06
4.072317e+06 4.626002e+06 2.855377e+06
4.067525e+06 4.636429e+06 2.845222e+06
4.062713e+06 4.646833e+06 2.835053e+06
4.057880e+06 4.657212e+06 2.824870e+06
4.053026e+06 4.667569e+06 2.814672e+06
4.048152e+06 4.677901e+06 2.804460e+06
4.043257e+06 4.688209e+06 2.794234e+06
4.038342e+06 4.698494e+06 2.783993e+06
4.033406e+06 4.708755e+06 2.773739e+06
4.028449e+06 4.718991e+06 2.763470e+06
4.023472e+06 4.729204e+06 2.753187e+06
4.018475e+06 4.739393e+06 2.742890e+06
4.013457e+06 4.749557e+06 2.732580e+06
4.008418e+06 4.759698e+06 2.722255e+06
4.003360e+06 4.769814e+06 2.711917e+06
3.998280e+06 4.779905e+06 2.701565e+06
3.993181e+06 4.789973e+06 2.691199e+06
3.988061e+06 4.800016e+06 2.680819e+06
3.982921e+06 4.810034e+06 2.670426e+06
3.977760e+06 4.820029e+06 2.660019e+06
3.972579e+06 4.829998e+06 2.649599e+06
3.967378e+06 4.839943e+06 2.639166e+06
3.962157e+06 4.849863e+06 2.628719e+06
3.956916e+06 4.859759e+06 2.618258e+06
3.951654e+06 4.869630e+06 2.607785e+06
3.946373e+06 4.879476e+06 2.597298e+06
3.941071e+06 4.889297e+06 2.586798e+06
3.935749e+06 4.899094e+06 2.576284e+06
3.930407e+06 4.908865e+06 2.565758e+06
3.925046e+06 4.918611e+06 2.555219e+06
3.919664e+06 4.928333e+06 2.544666e+06
3.914262e+06 4.938029e+06 2.534101e+06
3.908840e+06 4.947700e+06 2.523523e+06
3.903399e+06 4.957346e+06 2.512932e+06
3.897937e+06 4.966967e+06 2.502328e+06
3.892456e+06 4.976562e+06 2.491712e+06
3.886955e+06 4.986132e+06 2.481083e+06
3.881434e+06 4.995677e+06 2.470441e+06
3.875893e+06 5.005196e+06 2.459787e+06
3.870332e+06 5.014690e+06 2.449120e+06
3.864752e+06 5.024158e+06 2.438441e+06
3.859152e+06 5.033601e+06 2.427750e+06
3.853533e+06 5.043018e+06 2.417046e+06
3.847894e+06 5.052409e+06 2.406330e+06
3.842235e+06 5.061775e+06 2.395602e+06
3.836557e+06 5.071114e+06 2.384861e+06
3.830859e+06 5.080428e+06 2.374109e+06
3.825142e+06 5.089716e+06 2.363344e+06
3.819405e+06 5.098979e+06 2.352567e+06
3.813649e+06 5.108215e+06 2.341779e+06
3.807873e+06 5.117425e+06 2.330978e+06
3.802078e+06 5.126609e+06 2.320166e+06
3.796263e+06 5.135767e+06 2.309342e+06
3.790430e+06 5.144899e+06 2.298506e+06
3.784577e+06 5.154005e+06 2.287659e+06
3.778704e+06 5.163084e+06 2.276800e+06
3.772813e+06 5.172138e+06 2.265929e+06
3.766902e+06 5.181164e+06 2.255047e+06
3.760972e+06 5.190165e+06 2.244153e+06
3.755023e+06 5.199139e+06 2.233248e+06
3.749054e+06 5.208086e+06 2.222332e+06
3.743067e+06 5.217007e+06 2.211404e+06
3.737061e+06 5.225902e+06 2.200465e+06
3.731035e+06 5.234770e+06 2.189515e+06
3.724991e+06 5.243611e+06 2.178554e+06
3.718927e+06 5.252425e+06 2.167582e+06
3.712845e+06 5.261213e+06 2.156599e+06
3.706744e+06 5.269974e+06 2.145604e+06
3.700624e+06 5.278708e+06 2.134599e+06
3.694485e+06 5.287415e+06 2.123583e+06
3.688327e+06 5.296095e+06 2.112557e+06
3.682150e+06 5.304749e+06 2.101519e+06
3.675955e+06 5.313375e+06 2.090471e+06
3.669741e+06 5.321974e+06 2.079412e+06
3.663508e+06 5.330546e+06 2.068343e+06
3.657257e+06 5.339091e+06 2.057263e+06
3.650987e+06 5.347609e+06 2.046173e+06
3.644698e+06 5.356100e+06 2.035073e+06
3.638391e+06 5.364563e+06 2.023962e+06
3.632066e+06 5.372999e+06 2.012840e+06
3.625721e+06 5.381408e+06 2.001709e+06
3.619359e+06 5.389789e+06 1.990567e+06
3.612978e+06 5.398143e+06 1.979416e+06
3.606578e+06 5.406469e+06 1.968254e+06
3.600160e+06 5.414768e+06 1.957082e+06
3.593724e+06 5.423039e+06 1.945900e+06
3.587270e+06 5.431282e+06 1.934709e+06
3.580797e+06 5.439498e+06 1.923507e+06
3.574306e+06 5.447686e+06 1.912296e+06
3.567797e+06 5.455847e+06 1.901075e+06
3.561269e+06 5.463979e+06 1.889845e+06
3.554724e+06 5.472084e+06 1.878605e+06
3.548160e+06 5.480161e+06 1.867355e+06
3.541579e+06 5.488210e+06 1.856096e+06
3.534979e+06 5.496231e+06 1.844827e+06
3.528361e+06 5.504224e+06 1.833549e+06
3.521725e+06 5.512189e+06 1.822262e+06
3.515072e+06 5.520126e+06 1.810966e+06
3.508400e+06 5.528035e+06 1.799660e+06
3.501711e+06 5.535916e+06 1.788345e+06
3.495004e+06 5.543769e+06 1.777021e+06
3.488279e+06 5.551593e+06 1.765688e+06
3.481536e+06 5.559389e+06 1.754346e+06
3.474775e+06 5.567157e+06 1.742995e+06
3.467997e+06 5.574896e+06 1.731636e+06
3.461201e+06 5.582607e+06 1.720267e+06
3.454388e+06 5.590289e+06 1.708890e+06
3.447557e+06 5.597944e+06 1.697504e+06
3.440708e+06 5.605569e+06 1.686110e+06
3.433842e+06 5.613166e+06 1.674707e+06
3.426958e+06 5.620734e+06 1.663295e+06
3.420057e+06 5.628274e+06 1.651875e+06
3.413138e+06 5.635785e+06 1.640446e+06
3.406203e+06 5.643268e+06 1.629010e+06
3.399249e+06 5.650721e+06 1.617565e+06
3.392279e+06 5.658146e+06 1.606111e+06
3.385291e+06 5.665542e+06 1.594650e+06
3.378286e+06 5.672910e+06 1.583181e+06
3.371263e+06 5.680248e+06 1.571703e+06
3.364224e+06 5.687557e+06 1.560218e+06
3.357167e+06 5.694838e+06 1.548724e+06
3.350094e+06 5.702089e+06 1.537223e+06
3.343003e+06 5.709312e+06 1.525714e+06
3.335895e+06 5.716505e+06 1.514197e+06
3.328770e+06 5.723669e+06 1.502672e+06
3.321628e+06 5.730804e+06 1.491140e+06
3.314470e+06 5.737910e+06 1.479600e+06
3.307294e+06 5.744986e+06 1.468053e+06
3.300102e+06 5.752034e+06 1.456498e+06
3.292892e+06 5.759052e+06 1.444936e+06
3.285667e+06 5.766041e+06 1.433367e+06
3.278424e+06 5.773000e+06 1.421790e+06
3.271164e+06 5.779930e+06 1.410206e+06
3.263888e+06 5.786830e+06 1.398615e+06
3.256596e+06 5.793701e+06 1.387017e+06
3.249286e+06 5.800543e+06 1.375411e+06
3.241960e+06 5.807355e+06 1.363799e+06
3.234618e+06 5.814137e+06 1.352180e+06
3.227259e+06 5.820890e+06 1.340554e+06
3.219884e+06 5.827613e+06 1.328921e+06
3.212492e+06 5.834307e+06 1.317281e+06
3.205084e+06 5.840970e+06 1.305635e+06
3.197660e+06 5.847604e+06 1.293982e+06
3.190219e+06 5.854208e+06 1.282323e+06
3.182762e+06 5.860783e+06 1.270657e+06
3.175289e+06 5.867327e+06 1.258984e+06
3.167800e+06 5.873842e+06 1.247305e+06
3.160294e+06 5.880327e+06 1.235620e+06
3.152773e+06 5.886781e+06 1.223929e+06
3.145235e+06 5.893206e+06 1.212231e+06
3.137682e+06 5.899601e+06 1.200527e+06
3.130112e+06 5.905965e+06 1.188817e+06
3.122527e+06 5.912300e+06 1.177101e+06
3.114925e+06 5.918604e+06 1.165379e+06
3.107308e+06 5.924879e+06 1.153651e+06
3.099675e+06 5.931123e+06 1.141917e+06
3.092026e+06 5.937337e+06 1.130178e+06
3.084361e+06 5.943521e+06 1.118433e+06
3.076681e+06 5.949674e+06 1.106682e+06
3.068985e+06 5.955797e+06 1.094925e+06
3.061273e+06 5.961890e+06 1.083163e+06
3.053546e+06 5.967952e+06 1.071395e+06
3.045803e+06 5.973984e+06 1.059622e+06
3.038044e+06 5.979986e+06 1.047844e+06
3.030270e+06 5.985957e+06 1.036060e+06
3.022481e+06 5.991897e+06 1.024271e+06
3.014677e+06 5.997807e+06 1.012476e+06
3.006856e+06 6.003687e+06 1.000677e+06
2.999021e+06 6.009536e+06 9.888725e+05
2.991170e+06 6.015354e+06 9.770629e+05
2.983305e+06 6.021142e+06 9.652484e+05
2.975424e+06 6.026899e+06 9.534291e+05
2.967527e+06 6.032625e+06 9.416048e+05
2.959616e+06 6.038321e+06 9.297758e+05
2.951690e+06 6.043985e+06 9.179421e+05
2.943748e+06 6.049619e+06 9.061036e+05
2.935792e+06 6.055223e+06 8.942606e+05
2.927820e+06 6.060795e+06 8.824131e+05
2.919834e+06 6.066336e+06 8.705611e+05
2.911833e+06 6.071847e+06 8.587046e+05
2.903817e+06 6.077326e+06 8.468438e+05
2.895786e+06 6.082775e+06 8.349787e+05
2.887740e+06 6.088193e+06 8.231093e+05
2.879680e+06 6.093579e+06 8.112357e+05
2.871605e+06 6.098935e+06 7.993581e+05
2.863515e+06 6.104259e+06 7.874764e+05
2.855411e+06 6.109553e+06 7.755906e+05
2.847292e+06 6.114815e+06 7.637010e+05
2.839159e+06 6.120046e+06 7.518074e+05
2.831011e+06 6.125246e+06 7.399100e+05
2.822849e+06 6.130415e+06 7.280089e+05
2.814673e+06 6.135552e+06 7.161041e+05
2.806482e+06 6.140659e+06 7.041956e+05
2.798277e+06 6.145734e+06 6.922836e+05
2.790057e+06 6.150777e+06 6.803680e+05
2.781823e+06 6.155790e+06 6.684490e+05
2.773576e+06 6.160770e+06 6.565266e+05
2.765314e+06 6.165720e+06 6.446009e+05
2.757038e+06 6.170638e+06 6.326718e+05
2.748748e+06 6.175525e+06 6.207396e+05
2.740443e+06 6.180380e+06 6.088042e+05
2.732125e+06 6.185204e+06 5.968657e+05
2.723793e+06 6.189996e+06 5.849242e+05
2.715447e+06 6.194757e+06 5.729797e+05
2.707088e+06 6.199486e+06 5.610323e+05
2.698714e+06 6.204183e+06 5.490821e+05
2.690327e+06 6.208849e+06 5.371290e+05
2.681926e+06 6.213483e+06 5.251732e+05
2.673511e+06 6.218086e+06 5.132148e+05
2.665083e+06 6.222657e+06 5.012538e+05
2.656641e+06 6.227196e+06 4.892902e+05
2.648186e+06 6.231703e+06 4.773241e+05
2.639717e+06 6.236179e+06 4.653556e+05
2.631235e+06 6.240623e+06 4.533847e+05
2.622739e+06 6.245035e+06 4.414115e+05
2.614230e+06 6.249416e+06 4.294361e+05
2.605708e+06 6.253764e+06 4.174585e+05
2.597172e+06 6.258081e+06 4.054788e+05
2.588623e+06 6.262365e+06 3.934970e+05
2.580061e+06 6.266618e+06 3.815133e+05
2.571486e+06 6.270839e+06 3.695275e+05
2.562897e+06 6.275028e+06 3.575400e+05
2.554296e+06 6.279185e+06 3.455505e+05
2.545681e+06 6.283310e+06 3.335594e+05
2.537054e+06 6.287402e+06 3.215665e+05
2.528414e+06 6.291463e+06 3.095720e+05
2.519760e+06 6.295492e+06 2.975759e+05
2.511094e+06 6.299489e+06 2.855784e+05
2.502415e+06 6.303453e+06 2.735793e+05
2.493724e+06 6.307386e+06 2.615789e+05
2.485020e+06 6.311286e+06 2.495771e+05
2.476303e+06 6.315154e+06 2.375741e+05
2.467573e+06 6.318990e+06 2.255699e+05
2.458831e+06 6.322794e+06 2.135645e+05
2.450076e+06 6.326566e+06 2.015581e+05
2.441309e+06 6.330305e+06 1.895506e+05
2.432529e+06 6.334012e+06 1.775421e+05
2.423737e+06 6.337687e+06 1.655328e+05
2.414933e+06 6.341329e+06 1.535226e+05
2.406116e+06 6.344939e+06 1.415116e+05
2.397287e+06 6.348517e+06 1.294999e+05
2.388446e+06 6.352062e+06 1.174876e+05
2.379592e+06 6.355575e+06 1.054746e+05
2.370727e+06 6.359056e+06 9.346114e+04
2.361849e+06 6.362504e+06 8.144718e+04
2.352960e+06 6.365920e+06 6.943281e+04
2.344058e+06 6.369304e+06 5.741808e+04
2.335144e+06 6.372654e+06 4.540307e+04
2.326219e+06 6.375973e+06 3.338782e+04
2.317282e+06 6.379259e+06 2.137240e+04
2.308333e+06 6.382512e+06 9.356879e+03
2.299372e+06 6.385733e+06 -2.658695e+03
2.290399e+06 6.388921e+06 -1.467426e+04
2.281415e+06 6.392077e+06 -2.668974e+04
2.272419e+06 6.395200e+06 -3.870509e+04
2.263411e+06 6.398291e+06 -5.072024e+04
2.254392e+06 6.401349e+06 -6.273514e+04
2.245362e+06 6.404374e+06 -7.474972e+04
2.236320e+06 6.407367e+06 -8.676391e+04
2.227266e+06 6.410327e+06 -9.877767e+04
2.218202e+06 6.413254e+06 -1.107909e+05
2.209126e+06 6.416149e+06 -1.228036e+05
2.200038e+06 6.419011e+06 -1.348157e+05
2.190940e+06 6.421840e+06 -1.468270e+05
2.181830e+06 6.424636e+06 -1.588377e+05
2.172709e+06 6.427400e+06 -1.708475e+05
2.163577e+06 6.430131e+06 -1.828565e+05
2.154434e+06 6.432829e+06 -1.948645e+05
2.145280e+06 6.435495e+06 -2.068715e+05
2.136116e+06 6.438127e+06 -2.188775e+05
2.126940e+06 6.440727e+06 -2.308824e+05
2.117753e+06 6.443294e+06 -2.428861e+05
2.108556e+06 6.445828e+06 -2.548886e+05
2.099348e+06 6.448329e+06 -2.668897e+05
2.090129e+06 6.450798e+06 -2.788895e+05
2.080899e+06 6.453233e+06 -2.908879e+05
2.071659e+06 6.455636e+06 -3.028849e+05
2.062409e+06 6.458005e+06 -3.148802e+05
2.053148e+06 6.460342e+06 -3.268740e+05
2.043876e+06 6.462646e+06 -3.388661e+05
2.034594e+06 6.464916e+06 -3.508565e+05
2.025301e+06 6.467154e+06 -3.628451e+05
2.015999e+06 6.469359e+06 -3.748319e+05
2.006686e+06 6.471531e+06 -3.868167e+05
1.997362e+06 6.473670e+06 -3.987996e+05
1.988029e+06 6.475776e+06 -4.107805e+05
1.978685e+06 6.477849e+06 -4.227593e+05
1.969332e+06 6.479889e+06 -4.347359e+05
1.959968e+06 6.481895e+06 -4.467103e+05
1.950594e+06 6.483869e+06 -4.586824e+05
1.941211e+06 6.485810e+06 -4.706523e+05
1.931817e+06 6.487717e+06 -4.826197e+05
1.922414e+06 6.489592e+06 -4.945846e+05
1.913000e+06 6.491433e+06 -5.065471e+05
1.903577e+06 6.493242e+06 -5.185070e+05
1.894145e+06 6.495017e+06 -5.304642e+05
1.884702e+06 6.496759e+06 -5.424187e+05
1.875250e+06 6.498468e+06 -5.543705e+05
1.865789e+06 6.500144e+06 -5.663195e+05
1.856318e+06 6.501787e+06 -5.782656e+05
1.846837e+06 6.503396e+06 -5.902087e+05
1.837348e+06 6.504972e+06 -6.021489e+05
1.827848e+06 6.506516e+06 -6.140859e+05
1.818340e+06 6.508026e+06 -6.260199e+05
1.808822e+06 6.509502e+06 -6.379507e+05
1.799295e+06 6.510946e+06 -6.498782e+05
1.789758e+06 6.512357e+06 -6.618024e+05
1.780213e+06 6.513734e+06 -6.737233e+05
1.770659e+06 6.515078e+06 -6.856407e+05
1.761095e+06 6.516389e+06 -6.975547e+05
1.751523e+06 6.517666e+06 -7.094651e+05
1.741941e+06 6.518910e+06 -7.213719e+05
1.732351e+06 6.520121e+06 -7.332750e+05
1.722752e+06 6.521299e+06 -7.451744e+05
1.713144e+06 6.522444e+06 -7.570700e+05
1.703527e+06 6.523555e+06 -7.689618e+05
1.693902e+06 6.524633e+06 -7.808496e+05
1.684268e+06 6.525678e+06 -7.927335e+05
1.674625e+06 6.526689e+06 -8.046133e+05
1.664974e+06 6.527667e+06 -8.164891e+05
1.655314e+06 6.528612e+06 -8.283607e+05
1.645646e+06 6.529524e+06 -8.402280e+05
1.635970e+06 6.530402e+06 -8.520912e+05
1.626285e+06 6.531247e+06 -8.639499e+05
1.616592e+06 6.532059e+06 -8.758043e+05
1.606891e+06 6.532837e+06 -8.876543e+05
1.597181e+06 6.533582e+06 -8.994997e+05
1.587464e+06 6.534294e+06 -9.113405e+05
1.577738e+06 6.534972e+06 -9.231767e+05
1.568004e+06 6.535617e+06 -9.350082e+05
1.558262e+06 6.536229e+06 -9.468350e+05
1.548512e+06 6.536807e+06 -9.586569e+05
1.538755e+06 6.537352e+06 -9.704740e+05
1.528989e+06 6.537864e+06 -9.822861e+05
1.519216e+06 6.538342e+06 -9.940932e+05
1.509435e+06 6.538787e+06 -1.005895e+06
1.499646e+06 6.539198e+06 -1.017692e+06
1.489850e+06 6.539577e+06 -1.029484e+06
1.480046e+06 6.539922e+06 -1.041271e+06
1.470234e+06 6.540233e+06 -1.053052e+06
1.460415e+06 6.540511e+06 -1.064828e+06
1.450588e+06 6.540756e+06 -1.076598e+06
1.440754e+06 6.540967e+06 -1.088363e+06
1.430913e+06 6.541145e+06 -1.100123e+06
1.421065e+06 6.541290e+06 -1.111877e+06
1.411209e+06 6.541401e+06 -1.123625e+06
1.401346e+06 6.541479e+06 -1.135367e+06
1.391476e+06 6.541524e+06 -1.147104e+06
1.381598e+06 6.541535e+06 -1.158835e+06
1.371714e+06 6.541513e+06 -1.170560e+06
1.361823e+06 6.541457e+06 -1.182279e+06
1.351924e+06 6.541368e+06 -1.193992e+06
1.342019e+06 6.541246e+06 -1.205699e+06
1.332107e+06 6.541090e+06 -1.217400e+06
1.322188e+06 6.540901e+06 -1.229094e+06
1.312263e+06 6.540678e+06 -1.240783e+06
1.302331e+06 6.540423e+06 -1.252465e+06
1.292392e+06 6.540133e+06 -1.264140e+06
1.282446e+06 6.539811e+06 -1.275810e+06
1.272494e+06 6.539455e+06 -1.287472e+06
1.262536e+06 6.539066e+06 -1.299128e+06
1.252571e+06 6.538643e+06 -1.310778e+06
1.242599e+06 6.538187e+06 -1.322421e+06
1.232622e+06 6.537697e+06 -1.334057e+06
1.222638e+06 6.537175e+06 -1.345687e+06
1.212647e+06 6.536619e+06 -1.357309e+06
1.202651e+06 6.536029e+06 -1.368925e+06
1.192649e+06 6.535406e+06 -1.380533e+06
1.182640e+06 6.534750e+06 -1.392135e+06
1.172625e+06 6.534061e+06 -1.403730e+06
1.162605e+06 6.533338e+06 -1.415317e+06
1.152578e+06 6.532581e+06 -1.426897e+06
1.142545e+06 6.531792e+06 -1.438470e+06
1.132507e+06 6.530969e+06 -1.450036e+06
1.122463e+06 6.530113e+06 -1.461594e+06
1.112413e+06 6.529223e+06 -1.473145e+06
1.102358e+06 6.528300e+06 -1.484688e+06
1.092297e+06 6.527344e+06 -1.496224e+06
1.082230e+06 6.526355e+06 -1.507752e+06
1.072158e+06 6.525332e+06 -1.519273e+06
1.062080e+06 6.524276e+06 -1.530786e+06
1.051997e+06 6.523186e+06 -1.542291e+06
1.041909e+06 6.522064e+06 -1.553788e+06
1.031815e+06 6.520908e+06 -1.565277e+06
1.021716e+06 6.519718e+06 -1.576758e+06
1.011611e+06 6.518496e+06 -1.588231e+06
1.001502e+06 6.517240e+06 -1.599697e+06
9.913874e+05 6.515951e+06 -1.611154e+06
9.812678e+05 6.514629e+06 -1.622602e+06
9.711432e+05 6.513273e+06 -1.634043e+06
9.610136e+05 6.511884e+06 -1.645475e+06
9.508791e+05 6.510462e+06 -1.656899e+06
9.407398e+05 6.509007e+06 -1.668314e+06
9.305957e+05 6.507518e+06 -1.679721e+06
9.204468e+05 6.505997e+06 -1.691120e+06
9.102932e+05 6.504442e+06 -1.702510e+06
9.001350e+05 6.502853e+06 -1.713891e+06
8.899722e+05 6.501232e+06 -1.725263e+06
8.798048e+05 6.499578e+06 -1.736627e+06
8.696329e+05 6.497890e+06 -1.747981e+06
8.594566e+05 6.496169e+06 -1.759327e+06
8.492760e+05 6.494415e+06 -1.770664e+06
8.390909e+05 6.492628e+06 -1.781992e+06
8.289016e+05 6.490807e+06 -1.793311e+06
8.187081e+05 6.488954e+06 -1.804621e+06
8.085104e+05 6.487067e+06 -1.815921e+06
7.983085e+05 6.485148e+06 -1.827212e+06
7.881026e+05 6.483195e+06 -1.838494e+06
7.778927e+05 6.481209e+06 -1.849767e+06
7.676788e+05 6.479190e+06 -1.861030e+06
7.574609e+05 6.477138e+06 -1.872284e+06
7.472392e+05 6.475052e+06 -1.883528e+06
7.370137e+05 6.472934e+06 -1.894763e+06
7.267844e+05 6.470783e+06 -1.905988e+06
7.165515e+05 6.468599e+06 -1.917203e+06
7.063148e+05 6.466381e+06 -1.928408e+06
6.960746e+05 6.464131e+06 -1.939604e+06
6.858307e+05 6.461848e+06 -1.950790e+06
6.755834e+05 6.459531e+06 -1.961966e+06
6.653327e+05 6.457182e+06 -1.973132e+06
6.550785e+05 6.454800e+06 -1.984287e+06
6.448210e+05 6.452384e+06 -1.995433e+06
6.345602e+05 6.449936e+06 -2.006569e+06
6.242962e+05 6.447455e+06 -2.017694e+06
6.140290e+05 6.444941e+06 -2.028809e+06
6.037586e+05 6.442394e+06 -2.039914e+06
5.934852e+05 6.439814e+06 -2.051008e+06
5.832087e+05 6.437201e+06 -2.062092e+06
5.729293e+05 6.434556e+06 -2.073165e+06
5.626469e+05 6.431877e+06 -2.084228e+06
5.523616e+05 6.429166e+06 -2.095281e+06
5.420736e+05 6.426422e+06 -2.106322e+06
5.317827e+05 6.423645e+06 -2.117353e+06
5.214892e+05 6.420835e+06 -2.128373e+06
5.111930e+05 6.417992e+06 -2.139382e+06
5.008941e+05 6.415117e+06 -2.150381e+06
4.905928e+05 6.412209e+06 -2.161368e+06
4.802889e+05 6.409268e+06 -2.172344e+06
4.699825e+05 6.406294e+06 -2.183310e+06
4.596738e+05 6.403288e+06 -2.194264e+06
4.493627e+05 6.400249e+06 -2.205207e+06
4.390493e+05 6.397177e+06 -2.216139e+06
4.287337e+05 6.394073e+06 -2.227059e+06
4.184159e+05 6.390936e+06 -2.237968e+06
4.080959e+05 6.387766e+06 -2.248866e+06
3.977739e+05 6.384564e+06 -2.259753e+06
3.874498e+05 6.381329e+06 -2.270627e+06
3.771238e+05 6.378061e+06 -2.281491e+06
3.667958e+05 6.374761e+06 -2.292342e+06
3.564659e+05 6.371428e+06 -2.303182e+06
3.461343e+05 6.368063e+06 -2.314010e+06
3.358008e+05 6.364666e+06 -2.324827e+06
3.254657e+05 6.361235e+06 -2.335631e+06
3.151289e+05 6.357773e+06 -2.346424e+06
3.047904e+05 6.354277e+06 -2.357205e+06
2.944504e+05 6.350750e+06 -2.367974e+06
2.841090e+05 6.347190e+06 -2.378730e+06
2.737660e+05 6.343597e+06 -2.389475e+06
2.634217e+05 6.339972e+06 -2.400207e+06
2.530760e+05 6.336315e+06 -2.410927e+06
2.427290e+05 6.332625e+06 -2.421635e+06
2.323808e+05 6.328903e+06 -2.432331e+06
2.220314e+05 6.325149e+06 -2.443014e+06
2.116809e+05 6.321362e+06 -2.453685e+06
2.013293e+05 6.317543e+06 -2.464343e+06
1.909766e+05 6.313692e+06 -2.474988e+06
1.806230e+05 6.309808e+06 -2.485621e+06
1.702685e+05 6.305893e+06 -2.496242e+06
1.599130e+05 6.301945e+06 -2.506850e+06
1.495568e+05 6.297964e+06 -2.517444e+06
1.391998e+05 6.293952e+06 -2.528027e+06
1.288421e+05 6.289908e+06 -2.538596e+06
1.184837e+05 6.285831e+06 -2.549152e+06
1.081248e+05 6.281722e+06 -2.559695e+06
9.776524e+04 6.277581e+06 -2.570225e+06
8.740522e+04 6.273408e+06 -2.580743e+06
7.704475e+04 6.269203e+06 -2.591247e+06
6.668389e+04 6.264966e+06 -2.601737e+06
5.632268e+04 6.260697e+06 -2.612215e+06
4.596119e+04 6.256396e+06 -2.622679e+06
3.559946e+04 6.252063e+06 -2.633130e+06
2.523755e+04 6.247699e+06 -2.643567e+06
1.487551e+04 6.243302e+06 -2.653991e+06
4.513401e+03 6.238873e+06 -2.664402e+06
-5.848736e+03 6.234412e+06 -2.674799e+06
-1.621084e+04 6.229920e+06 -2.685182e+06
-2.657287e+04 6.225395e+06 -2.695552e+06
-3.693476e+04 6.220839e+06 -2.705907e+06
-4.729646e+04 6.216251e+06 -2.716249e+06
-5.765791e+04 6.211632e+06 -2.726578e+06
-6.801908e+04 6.206980e+06 -2.736892e+06
-7.837989e+04 6.202297e+06 -2.747192e+06
-8.874031e+04 6.197582e+06 -2.757479e+06
-9.910027e+04 6.192836e+06 -2.767751e+06
-1.094597e+05 6.188058e+06 -2.778009e+06
-1.198186e+05 6.183248e+06 -2.788253e+06
-1.301769e+05 6.178406e+06 -2.798483e+06
-1.405345e+05 6.173533e+06 -2.808699e+06
-1.508914e+05 6.168629e+06 -2.818900e+06
-1.612475e+05 6.163693e+06 -2.829087e+06
-1.716029e+05 6.158725e+06 -2.839259e+06
-1.819573e+05 6.153726e+06 -2.849417e+06
-1.923108e+05 6.148696e+06 -2.859561e+06
-2.026633e+05 6.143634e+06 -2.869690e+06
-2.130148e+05 6.138540e+06 -2.879804e+06
-2.233652e+05 6.133416e+06 -2.889904e+06
-2.337144e+05 6.128260e+06 -2.899988e+06
-2.440625e+05 6.123072e+06 -2.910059e+06
-2.544093e+05 6.117854e+06 -2.920114e+06
-2.647548e+05 6.112604e+06 -2.930154e+06
-2.750989e+05 6.107322e+06 -2.940180e+06
-2.854417e+05 6.102010e+06 -2.950190e+06
-2.957830e+05 6.096666e+06 -2.960186e+06
-3.061227e+05 6.091292e+06 -2.970166e+06
-3.164609e+05 6.085886e+06 -2.980131e+06
-3.267975e+05 6.080449e+06 -2.990081e+06
-3.371325e+05 6.074981e+06 -3.000016e+06
-3.474656e+05 6.069482e+06 -3.009935e+06
-3.577971e+05 6.063951e+06 -3.019839e+06
-3.681267e+05 6.058390e+06 -3.029728e+06
-3.784544e+05 6.052798e+06 -3.039601e+06
-3.887801e+05 6.047175e+06 -3.049459e+06
-3.991039e+05 6.041521e+06 -3.059302e+06
-4.094257e+05 6.035836e+06 -3.069128e+06
-4.197453e+05 6.030120e+06 -3.078939e+06
-4.300628e+05 6.024374e+06 -3.088735e+06
-4.403782e+05 6.018596e+06 -3.098514e+06
-4.506912e+05 6.012788e+06 -3.108278e+06
-4.610020e+05 6.006949e+06 -3.118026e+06
-4.713104e+05 6.001080e+06 -3.127758e+06
-4.816163e+05 5.995179e+06 -3.137474e+06
-4.919199e+05 5.989248e+06 -3.147174e+06
-5.022209e+05 5.983287e+06 -3.156858e+06
-5.125193e+05 5.977295e+06 -3.166526e+06
-5.228151e+05 5.971272e+06 -3.176178e+06
-5.331083e+05 5.965219e+06 -3.185813e+06
-5.433987e+05 5.959135e+06 -3.195433e+06
-5.536864e+05 5.953021e+06 -3.205036e+06
-5.639712e+05 5.946876e+06 -3.214623e+06
-5.742531e+05 5.940701e+06 -3.224193e+06
-5.845321e+05 5.934495e+06 -3.233747e+06
-5.948081e+05 5.928260e+06 -3.243284e+06
-6.050811e+05 5.921993e+06 -3.252805e+06
-6.153509e+05 5.915697e+06 -3.262309e+06
-6.256177e+05 5.909370e+06 -3.271797e+06
-6.358812e+05 5.903013e+06 -3.281268e+06
-6.461414e+05 5.896626e+06 -3.290722e+06
-6.563984e+05 5.890209e+06 -3.300160e+06
-6.666520e+05 5.883762e+06 -3.309580e+06
-6.769022e+05 5.877284e+06 -3.318984e+06
-6.871489e+05 5.870777e+06 -3.328371e+06
-6.973922e+05 5.864239e+06 -3.337741e+06
-7.076318e+05 5.857672e+06 -3.347094e+06
-7.178679e+05 5.851074e+06 -3.356429e+06
-7.281002e+05 5.844447e+06 -3.365748e+06
-7.383289e+05 5.837790e+06 -3.375050e+06
-7.485537e+05 5.831103e+06 -3.384334e+06
-7.587748e+05 5.824386e+06 -3.393601e+06
-7.689919e+05 5.817639e+06 -3.402851e+06
-7.792051e+05 5.810862e+06 -3.412083e+06
-7.894144e+05 5.804056e+06 -3.421298e+06
-7.996196e+05 5.797220e+06 -3.430495e+06
-8.098207e+05 5.790355e+06 -3.439675e+06
-8.200177e+05 5.783459e+06 -3.448838e+06
-8.302104e+05 5.776535e+06 -3.457983e+06
-8.403990e+05 5.769580e+06 -3.467110e+06
-8.505832e+05 5.762597e+06 -3.476219e+06
-8.607631e+05 5.755583e+06 -3.485311e+06
-8.709385e+05 5.748540e+06 -3.494385e+06
-8.811095e+05 5.741468e+06 -3.503441e+06
-8.912761e+05 5.734367e+06 -3.512480e+06
-9.014380e+05 5.727236e+06 -3.521500e+06
-9.115954e+05 5.720076e+06 -3.530503e+06
-9.217480e+05 5.712886e+06 -3.539487e+06
-9.318960e+05 5.705668e+06 -3.548454e+06
-9.420392e+05 5.698420e+06 -3.557402e+06
-9.521776e+05 5.691143e+06 -3.566332e+06
-9.623111e+05 5.683837e+06 -3.575244e+06
-9.724396e+05 5.676502e+06 -3.584138e+06
-9.825632e+05 5.669137e+06 -3.593013e+06
-9.926818e+05 5.661744e+06 -3.601870e+06
-1.002795e+06 5.654322e+06 -3.610709e+06
-1.012904e+06 5.646871e+06 -3.619529e+06
-1.023007e+06 5.639391e+06 -3.628331e+06
-1.033105e+06 5.631882e+06 -3.637115e+06
-1.043198e+06 5.624344e+06 -3.645879e+06
-1.053285e+06 5.616778e+06 -3.654626e+06
-1.063367e+06 5.609183e+06 -3.663353e+06
-1.073443e+06 5.601559e+06 -3.672062e+06
-1.083514e+06 5.593906e+06 -3.680752e+06
-1.093580e+06 5.586225e+06 -3.689423e+06
-1.103640e+06 5.578515e+06 -3.698076e+06
-1.113694e+06 5.570777e+06 -3.706710e+06
-1.123742e+06 5.563010e+06 -3.715324e+06
-1.133785e+06 5.555215e+06 -3.723920e+06
-1.143822e+06 5.547391e+06 -3.732497e+06
-1.153853e+06 5.539539e+06 -3.741055e+06
-1.163878e+06 5.531659e+06 -3.749593e+06
-1.173898e+06 5.523750e+06 -3.758113e+06
-1.183911e+06 5.515813e+06 -3.766613e+06
-1.193918e+06 5.507848e+06 -3.775094e+06
-1.203919e+06 5.499854e+06 -3.783556e+06
-1.213914e+06 5.491833e+06 -3.791999e+06
-1.223903e+06 5.483783e+06 -3.800422e+06
-1.233885e+06 5.475706e+06 -3.808826e+06
-1.243861e+06 5.467600e+06 -3.817210e+06
-1.253831e+06 5.459466e+06 -3.825575e+06
-1.263795e+06 5.451304e+06 -3.833920e+06
-1.273751e+06 5.443115e+06 -3.842246e+06
-1.283702e+06 5.434897e+06 -3.850552e+06
-1.293646e+06 5.426652e+06 -3.858839e+06
-1.303583e+06 5.418379e+06 -3.867106e+06
-1.313513e+06 5.410079e+06 -3.875353e+06
-1.323437e+06 5.401750e+06 -3.883580e+06
-1.333354e+06 5.393394e+06 -3.891788e+06
-1.343264e+06 5.385010e+06 -3.899975e+06
-1.353168e+06 5.376599e+06 -3.908143e+06
-1.363064e+06 5.368160e+06 -3.916291e+06
-1.372953e+06 5.359694e+06 -3.924419e+06
-1.382836e+06 5.351201e+06 -3.932527e+06
-1.392711e+06 5.342679e+06 -3.940614e+06
-1.402579e+06 5.334131e+06 -3.948682e+06
-1.412440e+06 5.325555e+06 -3.956729e+06
-1.422294e+06 5.316952e+06 -3.964757e+06
-1.432140e+06 5.308322e+06 -3.972764e+06
-1.441980e+06 5.299665e+06 -3.980750e+06
-1.451811e+06 5.290980e+06 -3.988717e+06
-1.461636e+06 5.282269e+06 -3.996663e+06
-1.471453e+06 5.273530e+06 -4.004589e+06
-1.481262e+06 5.264765e+06 -4.012494e+06
-1.491064e+06 5.255972e+06 -4.020379e+06
-1.500858e+06 5.247153e+06 -4.028243e+06
-1.510644e+06 5.238306e+06 -4.036087e+06
-1.520423e+06 5.229433e+06 -4.043910e+06
-1.530194e+06 5.220533e+06 -4.051712e+06
-1.539957e+06 5.211607e+06 -4.059494e+06
-1.549712e+06 5.202653e+06 -4.067255e+06
-1.559459e+06 5.193674e+06 -4.074995e+06
-1.569199e+06 5.184667e+06 -4.082715e+06
-1.578930e+06 5.175634e+06 -4.090413e+06
-1.588653e+06 5.166574e+06 -4.098091e+06
-1.598368e+06 5.157488e+06 -4.105748e+06
-1.608075e+06 5.148376e+06 -4.113384e+06
-1.617773e+06 5.139237e+06 -4.120998e+06
-1.627464e+06 5.130072e+06 -4.128592e+06
-1.637146e+06 5.120881e+06 -4.136165e+06
-1.646819e+06 5.111663e+06 -4.143717e+06
-1.656485e+06 5.102420e+06 -4.151247e+06
-1.666141e+06 5.093150e+06 -4.158756e+06
-1.675789e+06 5.083854e+06 -4.166245e+06
-1.685429e+06 5.074532e+06 -4.173711e+06
-1.695060e+06 5.065184e+06 -4.181157e+06
-1.704682e+06 5.055810e+06 -4.188581e+06
-1.714296e+06 5.046410e+06 -4.195984e+06
-1.723901e+06 5.036985e+06 -4.203365e+06
-1.733497e+06 5.027533e+06 -4.210725e+06
-1.743084e+06 5.018056e+06 -4.218063e+06
-1.752662e+06 5.008553e+06 -4.225380e+06
-1.762231e+06 4.999025e+06 -4.232675e+06
-1.771791e+06 4.989471e+06 -4.239949e+06
-1.781342e+06 4.979891e+06 -4.247201e+06
-1.790884e+06 4.970286e+06 -4.254431e+06
-1.800417e+06 4.960655e+06 -4.261640e+06
-1.809941e+06 4.950999e+06 -4.268827e+06
-1.819455e+06 4.941318e+06 -4.275992e+06
-1.828960e+06 4.931611e+06 -4.283135e+06
-1.838455e+06 4.921879e+06 -4.290256e+06
-1.847942e+06 4.912122e+06 -4.297356e+06
-1.857418e+06 4.902340e+06 -4.304433e+06
-1.866886e+06 4.892533e+06 -4.311489e+06
-1.876343e+06 4.882700e+06 -4.318522e+06
-1.885791e+06 4.872843e+06 -4.325534e+06
-1.895230e+06 4.862961e+06 -4.332523e+06
-1.904658e+06 4.853053e+06 -4.339490e+06
-1.914077e+06 4.843121e+06 -4.346435e+06
-1.923487e+06 4.833164e+06 -4.353358e+06
-1.932886e+06 4.823183e+06 -4.360259e+06
-1.942275e+06 4.813176e+06 -4.367137e+06
-1.951655e+06 4.803145e+06 -4.373993e+06
-1.961024e+06 4.793089e+06 -4.380827e+06
-1.970383e+06 4.783009e+06 -4.387638e+06
-1.979733e+06 4.772905e+06 -4.394427e+06
-1.989072e+06 4.762775e+06 -4.401194e+06
-1.998401e+06 4.752622e+06 -4.407938e+06
-2.007720e+06 4.742444e+06 -4.414659e+06
-2.017028e+06 4.732242e+06 -4.421358e+06
-2.026326e+06 4.722016e+06 -4.428034e+06
-2.035614e+06 4.711765e+06 -4.434688e+06
-2.044891e+06 4.701490e+06 -4.441319e+06
-2.054158e+06 4.691191e+06 -4.447928e+06
-2.063415e+06 4.680869e+06 -4.454513e+06
-2.072660e+06 4.670522e+06 -4.461076e+06
-2.081895e+06 4.660151e+06 -4.467617e+06
-2.091120e+06 4.649757e+06 -4.474134e+06
-2.100334e+06 4.639338e+06 -4.480628e+06
-2.109537e+06 4.628896e+06 -4.487100e+06
-2.118729e+06 4.618430e+06 -4.493549e+06
-2.127910e+06 4.607941e+06 -4.499975e+06
-2.137081e+06 4.597427e+06 -4.506377e+06
-2.146240e+06 4.586891e+06 -4.512757e+06
-2.155389e+06 4.576331e+06 -4.519114e+06
-2.164526e+06 4.565747e+06 -4.525447e+06
-2.173653e+06 4.555140e+06 -4.531758e+06
-2.182768e+06 4.544510e+06 -4.538045e+06
-2.191872e+06 4.533856e+06 -4.544309e+06
-2.200965e+06 4.523179e+06 -4.550550e+06
-2.210046e+06 4.512479e+06 -4.556768e+06
-2.219117e+06 4.501756e+06 -4.562962e+06
-2.228175e+06 4.491010e+06 -4.569134e+06
-2.237223e+06 4.480240e+06 -4.575281e+06
-2.246259e+06 4.469448e+06 -4.581406e+06
-2.255283e+06 4.458633e+06 -4.587507e+06
-2.264296e+06 4.447795e+06 -4.593584e+06
-2.273298e+06 4.436935e+06 -4.599639e+06
-2.282287e+06 4.426051e+06 -4.605669e+06
-2.291265e+06 4.415145e+06 -4.611676e+06
-2.300232e+06 4.404216e+06 -4.617660e+06
-2.309186e+06 4.393265e+06 -4.623620e+06
-2.318129e+06 4.382291e+06 -4.629556e+06
-2.327059e+06 4.371295e+06 -4.635469e+06
-2.335978e+06 4.360276e+06 -4.641358e+06
-2.344885e+06 4.349235e+06 -4.647223e+06
-2.353780e+06 4.338172e+06 -4.653065e+06
-2.362663e+06 4.327087e+06 -4.658882e+06
-2.371534e+06 4.315979e+06 -4.664676e+06
-2.380392e+06 4.304849e+06 -4.670446e+06
-2.389238e+06 4.293697e+06 -4.676193e+06
-2.398073e+06 4.282524e+06 -4.681915e+06
-2.406894e+06 4.271328e+06 -4.687613e+06
-2.415704e+06 4.260110e+06 -4.693288e+06
-2.424501e+06 4.248871e+06 -4.698939e+06
-2.433286e+06 4.237609e+06 -4.704565e+06
-2.442058e+06 4.226326e+06 -4.710168e+06
-2.450818e+06 4.215022e+06 -4.715746e+06
-2.459565e+06 4.203696e+06 -4.721300e+06
-2.468299e+06 4.192348e+06 -4.726830e+06
-2.477021e+06 4.180979e+06 -4.732337e+06
-2.485730e+06 4.169588e+06 -4.737818e+06
-2.494427e+06 4.158176e+06 -4.743276e+06
-2.503110e+06 4.146742e+06 -4.748709e+06
-2.511781e+06 4.135288e+06 -4.754119e+06
-2.520439e+06 4.123812e+06 -4.759504e+06
-2.529084e+06 4.112315e+06 -4.764864e+06
-2.537717e+06 4.100797e+06 -4.770200e+06
-2.546336e+06 4.089258e+06 -4.775512e+06
-2.554942e+06 4.077698e+06 -4.780800e+06
-2.563535e+06 4.066117e+06 -4.786063e+06
-2.572114e+06 4.054516e+06 -4.791301e+06
-2.580681e+06 4.042893e+06 -4.796515e+06
-2.589235e+06 4.031250e+06 -4.801705e+06
-2.597775e+06 4.019586e+06 -4.806870e+06
-2.606302e+06 4.007902e+06 -4.812010e+06
-2.614815e+06 3.996197e+06 -4.817126e+06
-2.623315e+06 3.984471e+06 -4.822217e+06
-2.631802e+06 3.972725e+06 -4.827284e+06
-2.640275e+06 3.960959e+06 -4.832326e+06
-2.648735e+06 3.949173e+06 -4.837343e+06
-2.657181e+06 3.937366e+06 -4.842336e+06
-2.665613e+06 3.925539e+06 -4.847303e+06
-2.674032e+06 3.913692e+06 -4.852246e+06
-2.682437e+06 3.901825e+06 -4.857165e+06
-2.690828e+06 3.889938e+06 -4.862058e+06
-2.699206e+06 3.878031e+06 -4.866927e+06
-2.707569e+06 3.866104e+06 -4.871770e+06
-2.715919e+06 3.854157e+06 -4.876589e+06
-2.724255e+06 3.842190e+06 -4.881383e+06
-2.732577e+06 3.830204e+06 -4.886152e+06
-2.740885e+06 3.818198e+06 -4.890896e+06
-2.749179e+06 3.806173e+06 -4.895615e+06
-2.757459e+06 3.794128e+06 -4.900309e+06
-2.765724e+06 3.782064e+06 -4.904978e+06
-2.773976e+06 3.769980e+06 -4.909621e+06
-2.782213e+06 3.757877e+06 -4.914240e+06
-2.790436e+06 3.745755e+06 -4.918834e+06
-2.798645e+06 3.733613e+06 -4.923402e+06
-2.806839e+06 3.721452e+06 -4.927946e+06
-2.815019e+06 3.709273e+06 -4.932464e+06
-2.823185e+06 3.697074e+06 -4.936957e+06
-2.831336e+06 3.684856e+06 -4.941424e+06
-2.839472e+06 3.672620e+06 -4.945867e+06
-2.847594e+06 3.660364e+06 -4.950284e+06
-2.855702e+06 3.648090e+06 -4.954676e+06
-2.863795e+06 3.635797e+06 -4.959042e+06
-2.871873e+06 3.623486e+06 -4.963383e+06
-2.879936e+06 3.611156e+06 -4.967699e+06
-2.887985e+06 3.598807e+06 -4.971990e+06
-2.896019e+06 3.586440e+06 -4.976255e+06
-2.904037e+06 3.574055e+06 -4.980494e+06
-2.912042e+06 3.561651e+06 -4.984708e+06
-2.920031e+06 3.549229e+06 -4.988897e+06
-2.928005e+06 3.536789e+06 -4.993060e+06
-2.935964e+06 3.524331e+06 -4.997198e+06
-2.943908e+06 3.511854e+06 -5.001310e+06
-2.951837e+06 3.499360e+06 -5.005396e+06
-2.959751e+06 3.486848e+06 -5.009457e+06
-2.967650e+06 3.474317e+06 -5.013493e+06
-2.975533e+06 3.461769e+06 -5.017502e+06
-2.983402e+06 3.449204e+06 -5.021486e+06
-2.991255e+06 3.436620e+06 -5.025445e+06
-2.999092e+06 3.424019e+06 -5.029378e+06
-3.006915e+06 3.411401e+06 -5.033285e+06
-3.014722e+06 3.398765e+06 -5.037166e+06
-3.022513e+06 3.386111e+06 -5.041021e+06
-3.030289e+06 3.373440e+06 -5.044851e+06
-3.038049e+06 3.360752e+06 -5.048655e+06
-3.045794e+06 3.348047e+06 -5.052433e+06
-3.053523e+06 3.335324e+06 -5.056186e+06
-3.061237e+06 3.322585e+06 -5.059912e+06
-3.068935e+06 3.309828e+06 -5.063613e+06
-3.076617e+06 3.297054e+06 -5.067287e+06
-3.084283e+06 3.284264e+06 -5.070936e+06
-3.091934e+06 3.271456e+06 -5.074559e+06
-3.099568e+06 3.258632e+06 -5.078156e+06
-3.107187e+06 3.245791e+06 -5.081727e+06
-3.114790e+06 3.232934e+06 -5.085272e+06
-3.122377e+06 3.220060e+06 -5.088791e+06
-3.129948e+06 3.207169e+06 -5.092284e+06
-3.137503e+06 3.194262e+06 -5.095751e+06
-3.145041e+06 3.181339e+06 -5.099192e+06
-3.152564e+06 3.168399e+06 -5.102607e+06
-3.160071e+06 3.155443e+06 -5.105996e+06
-3.167561e+06 3.142471e+06 -5.109359e+06
-3.175035e+06 3.129483e+06 -5.112695e+06
-3.182493e+06 3.116479e+06 -5.116006e+06
-3.189934e+06 3.103458e+06 -5.119290e+06
-3.197359e+06 3.090422e+06 -5.122548e+06
-3.204768e+06 3.077370e+06 -5.125780e+06
-3.212160e+06 3.064302e+06 -5.128986e+06
-3.219536e+06 3.051219e+06 -5.132166e+06
-3.226895e+06 3.038120e+06 -5.135319e+06
-3.234238e+06 3.025005e+06 -5.138446e+06
-3.241564e+06 3.011875e+06 -5.141547e+06
-3.248874e+06 2.998729e+06 -5.144621e+06
-3.256167e+06 2.985568e+06 -5.147669e+06
-3.263443e+06 2.972392e+06 -5.150691e+06
-3.270702e+06 2.959200e+06 -5.153687e+06
-3.277945e+06 2.945994e+06 -5.156656e+06
-3.285171e+06 2.932772e+06 -5.159599e+06
-3.292380e+06 2.919535e+06 -5.162515e+06
-3.299572e+06 2.906283e+06 -5.165405e+06
-3.306747e+06 2.893016e+06 -5.168269e+06
-3.313906e+06 2.879735e+06 -5.171106e+06
-3.321047e+06 2.866438e+06 -5.173917e+06
-3.328171e+06 2.853127e+06 -5.176701e+06
-3.335278e+06 2.839802e+06 -5.179459e+06
-3.342369e+06 2.826461e+06 -5.182191e+06
-3.349442e+06 2.813107e+06 -5.184896e+06
-3.356497e+06 2.799738e+06 -5.187574e+06
-3.363536e+06 2.786354e+06 -5.190226e+06
-3.370557e+06 2.772956e+06 -5.192851e+06
-3.377561e+06 2.759544e+06 -5.195450e+06
-3.384548e+06 2.746118e+06 -5.198022e+06
-3.391518e+06 2.732678e+06 -5.200568e+06
-3.398470e+06 2.719224e+06 -5.203087e+06
-3.405404e+06 2.705756e+06 -5.205580e+06
-3.412321e+06 2.692274e+06 -5.208045e+06
-3.419221e+06 2.678778e+06 -5.210485e+06
-3.426103e+06 2.665268e+06 -5.212897e+06
-3.432968e+06 2.651745e+06 -5.215283e+06
-3.439815e+06 2.638208e+06 -5.217643e+06
-3.446644e+06 2.624658e+06 -5.219975e+06
-3.453456e+06 2.611094e+06 -5.222281e+06
-3.460250e+06 2.597517e+06 -5.224560e+06
-3.467026e+06 2.583926e+06 -5.226813e+06
-3.473784e+06 2.570322e+06 -5.229039e+06
-3.480525e+06 2.556705e+06 -5.231238e+06
-3.487248e+06 2.543075e+06 -5.233410e+06
-3.493952e+06 2.529432e+06 -5.235556e+06
-3.500639e+06 2.515776e+06 -5.237674e+06
-3.507308e+06 2.502107e+06 -5.239766e+06
-3.513960e+06 2.488425e+06 -5.241832e+06
-3.520593e+06 2.474731e+06 -5.243870e+06
-3.527208e+06 2.461023e+06 -5.245882e+06
-3.533804e+06 2.447304e+06 -5.247867e+06
-3.540383e+06 2.433571e+06 -5.249825e+06
-3.546944e+06 2.419826e+06 -5.251756e+06
-3.553486e+06 2.406069e+06 -5.253660e+06
-3.560010e+06 2.392299e+06 -5.255537e+06
-3.566516e+06 2.378517e+06 -5.257388e+06
-3.573004e+06 2.364723e+06 -5.259212e+06
-3.579473e+06 2.350917e+06 -5.261008e+06
-3.585924e+06 2.337099e+06 -5.262778e+06
-3.592357e+06 2.323269e+06 -5.264521e+06
-3.598771e+06 2.309426e+06 -5.266237e+06
-3.605167e+06 2.295572e+06 -5.267927e+06
-3.611544e+06 2.281707e+06 -5.269589e+06
-3.617903e+06 2.267829e+06 -5.271224e+06
-3.624243e+06 2.253940e+06 -5.272832e+06
-3.630565e+06 2.240039e+06 -5.274414e+06
-3.636868e+06 2.226127e+06 -5.275968e+06
-3.643152e+06 2.212204e+06 -5.277496e+06
-3.649418e+06 2.198269e+06 -5.278996e+06
-3.655665e+06 2.184322e+06 -5.280470e+06
-3.661893e+06 2.170365e+06 -5.281916e+06
-3.668102e+06 2.156397e+06 -5.283336e+06
-3.674293e+06 2.142417e+06 -5.284728e+06
-3.680465e+06 2.128426e+06 -5.286093e+06
-3.686618e+06 2.114425e+06 -5.287432e+06
-3.692752e+06 2.100413e+06 -5.288743e+06
-3.698867e+06 2.086390e+06 -5.290028e+06
-3.704963e+06 2.072356e+06 -5.291285e+06
-3.711040e+06 2.058311e+06 -5.292515e+06
-3.717098e+06 2.044256e+06 -5.293718e+06
-3.723137e+06 2.030191e+06 -5.294894e+06
-3.729157e+06 2.016115e+06 -5.296043e+06
-3.735158e+06 2.002029e+06 -5.297165e+06
-3.741140e+06 1.987933e+06 -5.298260e+06
-3.747102e+06 1.973826e+06 -5.299328e+06
-3.753045e+06 1.959709e+06 -5.300369e+06
-3.758969e+06 1.945582e+06 -5.301382e+06
-3.764874e+06 1.931446e+06 -5.302369e+06
-3.770760e+06 1.917299e+06 -5.303328e+06
-3.776626e+06 1.903142e+06 -5.304261e+06
-3.782473e+06 1.888976e+06 -5.305166e+06
-3.788300e+06 1.874800e+06 -5.306044e+06
-3.794108e+06 1.860615e+06 -5.306895e+06
-3.799896e+06 1.846420e+06 -5.307718e+06
-3.805665e+06 1.832215e+06 -5.308515e+06
-3.811415e+06 1.818001e+06 -5.309285e+06
-3.817145e+06 1.803778e+06 -5.310027e+06
-3.822855e+06 1.789545e+06 -5.310742e+06
-3.828546e+06 1.775303e+06 -5.311430e+06
-3.834217e+06 1.761053e+06 -5.312091e+06
-3.839869e+06 1.746793e+06 -5.312725e+06
-3.845501e+06 1.732524e+06 -5.313331e+06
-3.851113e+06 1.718246e+06 -5.313911e+06
-3.856705e+06 1.703960e+06 -5.314463e+06
-3.862278e+06 1.689665e+06 -5.314988e+06
-3.867830e+06 1.675361e+06 -5.315486e+06
-3.873363e+06 1.661048e+06 -5.315957e+06
-3.878876e+06 1.646727e+06 -5.316400e+06
-3.884370e+06 1.632398e+06 -5.316817e+06
-3.889843e+06 1.618060e+06 -5.317206e+06
-3.895296e+06 1.603714e+06 -5.317568e+06
-3.900730e+06 1.589360e+06 -5.317903e+06
-3.906143e+06 1.574997e+06 -5.318211e+06
-3.911536e+06 1.560627e+06 -5.318491e+06
-3.916910e+06 1.546248e+06 -5.318744e+06
-3.922263e+06 1.531861e+06 -5.318970e+06
-3.927596e+06 1.517467e+06 -5.319169e+06
-3.932909e+06 1.503065e+06 -5.319341e+06
-3.938202e+06 1.488655e+06 -5.319485e+06
-3.943474e+06 1.474238e+06 -5.319603e+06
-3.948727e+06 1.459813e+06 -5.319693e+06
-3.953959e+06 1.445380e+06 -5.319756e+06
-3.959171e+06 1.430940e+06 -5.319792e+06
-3.964362e+06 1.416493e+06 -5.319800e+06
-3.969533e+06 1.402039e+06 -5.319781e+06
-3.974684e+06 1.387577e+06 -5.319736e+06
-3.979815e+06 1.373108e+06 -5.319662e+06
-3.984925e+06 1.358632e+06 -5.319562e+06
-3.990015e+06 1.344149e+06 -5.319435e+06
-3.995084e+06 1.329660e+06 -5.319280e+06
-4.000133e+06 1.315163e+06 -5.319098e+06
-4.005161e+06 1.300660e+06 -5.318889e+06
-4.010169e+06 1.286150e+06 -5.318653e+06
-4.015156e+06 1.271634e+06 -5.318390e+06
-4.020122e+06 1.257110e+06 -5.318099e+06
-4.025068e+06 1.242581e+06 -5.317781e+06
-4.029994e+06 1.228045e+06 -5.317436e+06
-4.034898e+06 1.213503e+06 -5.317064e+06
-4.039782e+06 1.198955e+06 -5.316665e+06
-4.044646e+06 1.184400e+06 -5.316238e+06
-4.049488e+06 1.169839e+06 -5.315785e+06
-4.054310e+06 1.155273e+06 -5.315304e+06
-4.059111e+06 1.140700e+06 -5.314796e+06
-4.063891e+06 1.126122e+06 -5.314261e+06
-4.068650e+06 1.111538e+06 -5.313698e+06
-4.073389e+06 1.096948e+06 -5.313109e+06
-4.078106e+06 1.082353e+06 -5.312492e+06
-4.082803e+06 1.067752e+06 -5.311848e+06
-4.087479e+06 1.053145e+06 -5.311177e+06
-4.092134e+06 1.038533e+06 -5.310479e+06
-4.096768e+06 1.023916e+06 -5.309754e+06
-4.101380e+06 1.009294e+06 -5.309001e+06
-4.105972e+06 9.946660e+05 -5.308222e+06
-4.110543e+06 9.800333e+05 -5.307415e+06
-4.115093e+06 9.653955e+05 -5.306581e+06
-4.119621e+06 9.507528e+05 -5.305720e+06
-4.124129e+06 9.361052e+05 -5.304832e+06
-4.128615e+06 9.214529e+05 -5.303917e+06
-4.133080e+06 9.067958e+05 -5.302975e+06
-4.137524e+06 8.921341e+05 -5.302005e+06
-4.141947e+06 8.774677e+05 -5.301009e+06
-4.146348e+06 8.627969e+05 -5.299985e+06
-4.150729e+06 8.481217e+05 -5.298934e+06
-4.155088e+06 8.334421e+05 -5.297857e+06
-4.159426e+06 8.187583e+05 -5.296752e+06
-4.163742e+06 8.040702e+05 -5.295620e+06
-4.168037e+06 7.893780e+05 -5.294461e+06
-4.172311e+06 7.746818e+05 -5.293275e+06
-4.176563e+06 7.599816e+05 -5.292062e+06
-4.180794e+06 7.452775e+05 -5.290822e+06
-4.185003e+06 7.305696e+05 -5.289554e+06
-4.189191e+06 7.158580e+05 -5.288260e+06
-4.193358e+06 7.011427e+05 -5.286939e+06
-4.197503e+06 6.864238e+05 -5.285591e+06
-4.201626e+06 6.717013e+05 -5.284215e+06
-4.205728e+06 6.569755e+05 -5.282813e+06
-4.209809e+06 6.422462e+05 -5.281384e+06
-4.213868e+06 6.275137e+05 -5.279927e+06
-4.217905e+06 6.127779e+05 -5.278444e+06
-4.221921e+06 5.980390e+05 -5.276934e+06
-4.225915e+06 5.832971e+05 -5.275396e+06
-4.229887e+06 5.685521e+05 -5.273832e+06
-4.233837e+06 5.538043e+05 -5.272241e+06
-4.237766e+06 5.390536e+05 -5.270623e+06
-4.241674e+06 5.243001e+05 -5.268978e+06
-4.245559e+06 5.095440e+05 -5.267306e+06
-4.249423e+06 4.947852e+05 -5.265607e+06
-4.253265e+06 4.800239e+05 -5.263881e+06
-4.257085e+06 4.652602e+05 -5.262129e+06
-4.260883e+06 4.504940e+05 -5.260349e+06
-4.264660e+06 4.357256e+05 -5.258543e+06
-4.268414e+06 4.209549e+05 -5.256709e+06
-4.272147e+06 4.061820e+05 -5.254849e+06
-4.275858e+06 3.914071e+05 -5.252962e+06
-4.279547e+06 3.766302e+05 -5.251048e+06
-4.283214e+06 3.618513e+05 -5.249107e+06
-4.286859e+06 3.470706e+05 -5.247140e+06
-4.290482e+06 3.322881e+05 -5.245145e+06
-4.294083e+06 3.175039e+05 -5.243124e+06
-4.297662e+06 3.027181e+05 -5.241076e+06
-4.301219e+06 2.879307e+05 -5.239001e+06
-4.304755e+06 2.731419e+05 -5.236900e+06
-4.308267e+06 2.583516e+05 -5.234771e+06
-4.311758e+06 2.435601e+05 -5.232616e+06
-4.315227e+06 2.287672e+05 -5.230435e+06
-4.318674e+06 2.139733e+05 -5.228226e+06
-4.322098e+06 1.991782e+05 -5.225991e+06
-4.325501e+06 1.843821e+05 -5.223729e+06
-4.328881e+06 1.695850e+05 -5.221440e+06
-4.332239e+06 1.547871e+05 -5.219125e+06
-4.335575e+06 1.399884e+05 -5.216783e+06
-4.338889e+06 1.251889e+05 -5.214414e+06
-4.342180e+06 1.103888e+05 -5.212019e+06
-4.345449e+06 9.558820e+04 -5.209597e+06
-4.348696e+06 8.078707e+04 -5.207149e+06
-4.351921e+06 6.598552e+04 -5.204673e+06
-4.355123e+06 5.118364e+04 -5.202172e+06
-4.358303e+06 3.638149e+04 -5.199643e+06
-4.361460e+06 2.157916e+04 -5.197088e+06
-4.364596e+06 6.776715e+03 -5.194507e+06
-4.367709e+06 -8.025763e+03 -5.191899e+06
-4.370799e+06 -2.282820e+04 -5.189264e+06
-4.373867e+06 -3.763052e+04 -5.186603e+06
-4.376913e+06 -5.243265e+04 -5.183916e+06
-4.379936e+06 -6.723451e+04 -5.181202e+06
-4.382937e+06 -8.203602e+04 -5.178461e+06
-4.385916e+06 -9.683712e+04 -5.175694e+06
-4.388872e+06 -1.116377e+05 -5.172901e+06
-4.391805e+06 -1.264377e+05 -5.170081e+06
-4.394716e+06 -1.412371e+05 -5.167235e+06
-4.397605e+06 -1.560358e+05 -5.164362e+06
-4.400470e+06 -1.708336e+05 -5.161463e+06
-4.403314e+06 -1.856306e+05 -5.158538e+06
-4.406135e+06 -2.004266e+05 -5.155586e+06
-4.408933e+06 -2.152216e+05 -5.152608e+06
-4.411708e+06 -2.300155e+05 -5.149604e+06
-4.414461e+06 -2.448083e+05 -5.146573e+06
-4.417192e+06 -2.595997e+05 -5.143516e+06
-4.419900e+06 -2.743899e+05 -5.140433e+06
-4.422585e+06 -2.891786e+05 -5.137323e+06
-4.425247e+06 -3.039658e+05 -5.134187e+06
-4.427887e+06 -3.187515e+05 -5.131025e+06
-4.430504e+06 -3.335356e+05 -5.127837e+06
-4.433099e+06 -3.483179e+05 -5.124623e+06
-4.435670e+06 -3.630985e+05 -5.121382e+06
-4.438219e+06 -3.778772e+05 -5.118115e+06
-4.440745e+06 -3.926540e+05 -5.114822e+06
-4.443249e+06 -4.074287e+05 -5.111503e+06
-4.445730e+06 -4.222014e+05 -5.108158e+06
-4.448188e+06 -4.369719e+05 -5.104787e+06
-4.450623e+06 -4.517402e+05 -5.101390e+06
-4.453035e+06 -4.665061e+05 -5.097966e+06
-4.455425e+06 -4.812697e+05 -5.094517e+06
-4.457792e+06 -4.960308e+05 -5.091041e+06
-4.460135e+06 -5.107893e+05 -5.087540e+06
-4.462456e+06 -5.255453e+05 -5.084012e+06
-4.464755e+06 -5.402985e+05 -5.080459e+06
-4.467030e+06 -5.550490e+05 -5.076880e+06
-4.469282e+06 -5.697967e+05 -5.073274e+06
-4.471512e+06 -5.845414e+05 -5.069643e+06
-4.473719e+06 -5.992831e+05 -5.065986e+06
-4.475902e+06 -6.140218e+05 -5.062303e+06
-4.478063e+06 -6.287573e+05 -5.058594e+06
-4.480201e+06 -6.434896e+05 -5.054860e+06
-4.482316e+06 -6.582186e+05 -5.051099e+06
-4.484408e+06 -6.729442e+05 -5.047313e+06
-4.486477e+06 -6.876664e+05 -5.043501e+06
-4.488523e+06 -7.023850e+05 -5.039663e+06
-4.490546e+06 -7.171001e+05 -5.035800e+06
-4.492546e+06 -7.318114e+05 -5.031910e+06
-4.494523e+06 -7.465191e+05 -5.027995e+06
-4.496477e+06 -7.612229e+05 -5.024055e+06
-4.498408e+06 -7.759228e+05 -5.020088e+06
-4.500316e+06 -7.906187e+05 -5.016096e+06
-4.502201e+06 -8.053106e+05 -5.012079e+06
-4.504062e+06 -8.199984e+05 -5.008036e+06
-4.505901e+06 -8.346820e+05 -5.003967e+06
-4.507717e+06 -8.493613e+05 -4.999873e+06
-4.509509e+06 -8.640362e+05 -4.995753e+06
-4.511279e+06 -8.787067e+05 -4.991607e+06
-4.513025e+06 -8.933727e+05 -4.987437e+06
-4.514749e+06 -9.080342e+05 -4.983240e+06
-4.516449e+06 -9.226910e+05 -4.979019e+06
-4.518126e+06 -9.373430e+05 -4.974771e+06
-4.519780e+06 -9.519903e+05 -4.970499e+06
-4.521410e+06 -9.666327e+05 -4.966201e+06
-4.523018e+06 -9.812701e+05 -4.961878e+06
-4.524602e+06 -9.959025e+05 -4.957529e+06
-4.526164e+06 -1.010530e+06 -4.953155e+06
-4.527702e+06 -1.025152e+06 -4.948756e+06
-4.529217e+06 -1.039769e+06 -4.944331e+06
-4.530708e+06 -1.054380e+06 -4.939881e+06
-4.532177e+06 -1.068987e+06 -4.935406e+06
-4.533622e+06 -1.083587e+06 -4.930906e+06
-4.535044e+06 -1.098182e+06 -4.926381e+06
-4.536443e+06 -1.112772e+06 -4.921830e+06
-4.537819e+06 -1.127356e+06 -4.917255e+06
-4.539171e+06 -1.141934e+06 -4.912654e+06
-4.540500e+06 -1.156506e+06 -4.908028e+06
-4.541806e+06 -1.171072e+06 -4.903377e+06
-4.543089e+06 -1.185633e+06 -4.898701e+06
-4.544348e+06 -1.200187e+06 -4.894000e+06
-4.545584e+06 -1.214735e+06 -4.889275e+06
-4.546797e+06 -1.229277e+06 -4.884524e+06
-4.547987e+06 -1.243812e+06 -4.879748e+06
-4.549153e+06 -1.258342e+06 -4.874947e+06
-4.550296e+06 -1.272864e+06 -4.870121e+06
-4.551416e+06 -1.287380e+06 -4.865271e+06
-4.552512e+06 -1.301890e+06 -4.860396e+06
-4.553585e+06 -1.316393e+06 -4.855496e+06
-4.554635e+06 -1.330889e+06 -4.850571e+06
-4.555661e+06 -1.345379e+06 -4.845621e+06
-4.556664e+06 -1.359861e+06 -4.840647e+06
-4.557644e+06 -1.374337e+06 -4.835647e+06
-4.558601e+06 -1.388805e+06 -4.830624e+06
-4.559534e+06 -1.403267e+06 -4.825575e+06
-4.560444e+06 -1.417721e+06 -4.820502e+06
-4.561330e+06 -1.432168e+06 -4.815404e+06
-4.562193e+06 -1.446608e+06 -4.810282e+06
-4.563033e+06 -1.461040e+06 -4.805135e+06
-4.563849e+06 -1.475465e+06 -4.799964e+06
-4.564642e+06 -1.489882e+06 -4.794768e+06
-4.565412e+06 -1.504292e+06 -4.789548e+06
-4.566158e+06 -1.518693e+06 -4.784303e+06
-4.566881e+06 -1.533088e+06 -4.779034e+06
-4.567581e+06 -1.547474e+06 -4.773740e+06
-4.568257e+06 -1.561852e+06 -4.768422e+06
-4.568910e+06 -1.576223e+06 -4.763080e+06
-4.569539e+06 -1.590585e+06 -4.757713e+06
-4.570145e+06 -1.604939e+06 -4.752322e+06
-4.570728e+06 -1.619285e+06 -4.746907e+06
-4.571287e+06 -1.633623e+06 -4.741468e+06
-4.571823e+06 -1.647952e+06 -4.736004e+06
-4.572335e+06 -1.662273e+06 -4.730516e+06
-4.572824e+06 -1.676585e+06 -4.725005e+06
-4.573290e+06 -1.690889e+06 -4.719469e+06
-4.573732e+06 -1.705184e+06 -4.713908e+06
-4.574151e+06 -1.719470e+06 -4.708324e+06
-4.574546e+06 -1.733748e+06 -4.702716e+06
-4.574918e+06 -1.748017e+06 -4.697084e+06
-4.575267e+06 -1.762276e+06 -4.691428e+06
-4.575592e+06 -1.776527e+06 -4.685748e+06
-4.575894e+06 -1.790769e+06 -4.680044e+06
-4.576172e+06 -1.805001e+06 -4.674316e+06
-4.576427e+06 -1.819224e+06 -4.668564e+06
-4.576658e+06 -1.833438e+06 -4.662789e+06
-4.576866e+06 -1.847643e+06 -4.656989e+06
-4.577051e+06 -1.861838e+06 -4.651166e+06
-4.577212e+06 -1.876024e+06 -4.645319e+06
-4.577350e+06 -1.890200e+06 -4.639449e+06
-4.577464e+06 -1.904366e+06 -4.633555e+06
-4.577555e+06 -1.918522e+06 -4.627637e+06
-4.577623e+06 -1.932669e+06 -4.621695e+06
-4.577667e+06 -1.946806e+06 -4.615730e+06
-4.577688e+06 -1.960933e+06 -4.609742e+06
-4.577685e+06 -1.975050e+06 -4.603730e+06
-4.577659e+06 -1.989157e+06 -4.597694e+06
-4.577609e+06 -2.003253e+06 -4.591635e+06
-4.577536e+06 -2.017339e+06 -4.585553e+06
-4.577440e+06 -2.031415e+06 -4.579447e+06
-4.577320e+06 -2.045481e+06 -4.573318e+06
-4.577177e+06 -2.059536e+06 -4.567165e+06
-4.577010e+06 -2.073581e+06 -4.560989e+06
-4.576820e+06 -2.087615e+06 -4.554790e+06
-4.576606e+06 -2.101638e+06 -4.548568e+06
-4.576369e+06 -2.115651e+06 -4.542322e+06
-4.576109e+06 -2.129652e+06 -4.536053e+06
-4.575825e+06 -2.143643e+06 -4.529761e+06
-4.575518e+06 -2.157623e+06 -4.523446e+06
-4.575188e+06 -2.171592e+06 -4.517108e+06
-4.574834e+06 -2.185550e+06 -4.510747e+06
-4.574456e+06 -2.199496e+06 -4.504363e+06
-4.574056e+06 -2.213432e+06 -4.497956e+06
-4.573631e+06 -2.227356e+06 -4.491526e+06
-4.573184e+06 -2.241268e+06 -4.485073e+06
-4.572713e+06 -2.255169e+06 -4.478597e+06
-4.572219e+06 -2.269059e+06 -4.472099e+06
-4.571701e+06 -2.282937e+06 -4.465577e+06
-4.571160e+06 -2.296803e+06 -4.459033e+06
-4.570595e+06 -2.310658e+06 -4.452466e+06
-4.570007e+06 -2.324500e+06 -4.445876e+06
-4.569396e+06 -2.338331e+06 -4.439264e+06
-4.568761e+06 -2.352150e+06 -4.432629e+06
-4.568103e+06 -2.365957e+06 -4.425971e+06
-4.567422e+06 -2.379752e+06 -4.419291e+06
-4.566717e+06 -2.393534e+06 -4.412588e+06
-4.565989e+06 -2.407305e+06 -4.405863e+06
-4.565238e+06 -2.421063e+06 -4.399115e+06
-4.564463e+06 -2.434808e+06 -4.392345e+06
-4.563665e+06 -2.448542e+06 -4.385553e+06
-4.562844e+06 -2.462262e+06 -4.378738e+06
-4.561999e+06 -2.475970e+06 -4.371901e+06
-4.561131e+06 -2.489666e+06 -4.365041e+06
-4.560239e+06 -2.503349e+06 -4.358159e+06
-4.559324e+06 -2.517018e+06 -4.351255e+06
-4.558386e+06 -2.530675e+06 -4.344329e+06
-4.557425e+06 -2.544319e+06 -4.337381e+06
-4.556440e+06 -2.557951e+06 -4.330410e+06
-4.555432e+06 -2.571569e+06 -4.323418e+06
-4.554401e+06 -2.585173e+06 -4.316403e+06
-4.553346e+06 -2.598765e+06 -4.309367e+06
-4.552269e+06 -2.612343e+06 -4.302308e+06
-4.551167e+06 -2.625908e+06 -4.295228e+06
-4.550043e+06 -2.639460e+06 -4.288125e+06
-4.548895e+06 -2.652998e+06 -4.281001e+06
-4.547724e+06 -2.666522e+06 -4.273855e+06
-4.546530e+06 -2.680033e+06 -4.266687e+06
-4.545313e+06 -2.693530e+06 -4.259497e+06
-4.544072e+06 -2.707014e+06 -4.252286e+06
-4.542808e+06 -2.720483e+06 -4.245053e+06
-4.541521e+06 -2.733939e+06 -4.237798e+06
-4.540211e+06 -2.747381e+06 -4.230522e+06
-4.538877e+06 -2.760808e+06 -4.223224e+06
-4.537520e+06 -2.774222e+06 -4.215905e+06
-4.536140e+06 -2.787621e+06 -4.208564e+06
-4.534737e+06 -2.801006e+06 -4.201202e+06
-4.533311e+06 -2.814377e+06 -4.193818e+06
-4.531861e+06 -2.827733e+06 -4.186413e+06
-4.530389e+06 -2.841075e+06 -4.178986e+06
-4.528893e+06 -2.854402e+06 -4.171539e+06
-4.527374e+06 -2.867715e+06 -4.164070e+06
-4.525832e+06 -2.881013e+06 -4.156579e+06
-4.524267e+06 -2.894297e+06 -4.149068e+06
-4.522678e+06 -2.907565e+06 -4.141535e+06
-4.521067e+06 -2.920819e+06 -4.133982e+06
-4.519432e+06 -2.934058e+06 -4.126407e+06
-4.517774e+06 -2.947281e+06 -4.118811e+06
-4.516094e+06 -2.960490e+06 -4.111194e+06
-4.514390e+06 -2.973684e+06 -4.103557e+06
-4.512663e+06 -2.986862e+06 -4.095898e+06
-4.510913e+06 -3.000025e+06 -4.088219e+06
-4.509140e+06 -3.013173e+06 -4.080518e+06
-4.507343e+06 -3.026306e+06 -4.072797e+06
-4.505524e+06 -3.039423e+06 -4.065055e+06
-4.503682e+06 -3.052524e+06 -4.057293e+06
-4.501817e+06 -3.065610e+06 -4.049509e+06
-4.499929e+06 -3.078680e+06 -4.041705e+06
-4.498017e+06 -3.091734e+06 -4.033881e+06
-4.496083e+06 -3.104773e+06 -4.026036e+06
-4.494126e+06 -3.117796e+06 -4.018170e+06
-4.492146e+06 -3.130802e+06 -4.010284e+06
-4.490143e+06 -3.143793e+06 -4.002378e+06
-4.488117e+06 -3.156768e+06 -3.994451e+06
-4.486068e+06 -3.169727e+06 -3.986503e+06
-4.483996e+06 -3.182669e+06 -3.978536e+06
-4.481901e+06 -3.195595e+06 -3.970548e+06
-4.479783e+06 -3.208505e+06 -3.962540e+06
-4.477643e+06 -3.221398e+06 -3.954512e+06
-4.475479e+06 -3.234275e+06 -3.946463e+06
-4.473293e+06 -3.247136e+06 -3.938395e+06
-4.471083e+06 -3.259980e+06 -3.930306e+06
-4.468851e+06 -3.272807e+06 -3.922197e+06
-4.466596e+06 -3.285617e+06 -3.914069e+06
-4.464319e+06 -3.298411e+06 -3.905920e+06
-4.462018e+06 -3.311188e+06 -3.897752e+06
-4.459695e+06 -3.323948e+06 -3.889564e+06
-4.457349e+06 -3.336691e+06 -3.881356e+06
-4.454980e+06 -3.349416e+06 -3.873128e+06
-4.452588e+06 -3.362125e+06 -3.864880e+06
-4.450174e+06 -3.374817e+06 -3.856613e+06
-4.447737e+06 -3.387491e+06 -3.848326e+06
-4.445277e+06 -3.400148e+06 -3.840019e+06
-4.442794e+06 -3.412788e+06 -3.831693e+06
-4.440289e+06 -3.425410e+06 -3.823347e+06
-4.437761e+06 -3.438015e+06 -3.814982e+06
-4.435210e+06 -3.450602e+06 -3.806598e+06
-4.432637e+06 -3.463172e+06 -3.798194e+06
-4.430041e+06 -3.475723e+06 -3.789771e+06
-4.427423e+06 -3.488258e+06 -3.781328e+06
-4.424782e+06 -3.500774e+06 -3.772866e+06
-4.422118e+06 -3.513272e+06 -3.764385e+06
-4.419431e+06 -3.525753e+06 -3.755885e+06
-4.416723e+06 -3.538215e+06 -3.747366e+06
-4.413991e+06 -3.550660e+06 -3.738827e+06
-4.411237e+06 -3.563086e+06 -3.730270e+06
-4.408460e+06 -3.575494e+06 -3.721693e+06
-4.405661e+06 -3.587884e+06 -3.713098e+06
-4.402840e+06 -3.600255e+06 -3.704483e+06
-4.399996e+06 -3.612608e+06 -3.695850e+06
-4.397129e+06 -3.624943e+06 -3.687198e+06
-4.394240e+06 -3.637259e+06 -3.678527e+06
-4.391329e+06 -3.649556e+06 -3.669838e+06
-4.388395e+06 -3.661835e+06 -3.661130e+06
-4.385439e+06 -3.674095e+06 -3.652403e+06
-4.382460e+06 -3.686337e+06 -3.643657e+06
-4.379459e+06 -3.698559e+06 -3.634893e+06
-4.376436e+06 -3.710763e+06 -3.626111e+06
-4.373390e+06 -3.722948e+06 -3.617310e+06
-4.370322e+06 -3.735114e+06 -3.608490e+06
-4.367231e+06 -3.747260e+06 -3.599652e+06
-4.364119e+06 -3.759388e+06 -3.590796e+06
-4.360984e+06 -3.771496e+06 -3.581922e+06
-4.357826e+06 -3.783585e+06 -3.573029e+06
-4.354647e+06 -3.795655e+06 -3.564118e+06
-4.351445e+06 -3.807706e+06 -3.555189e+06
-4.348221e+06 -3.819736e+06 -3.546242e+06
-4.344975e+06 -3.831748e+06 -3.537277e+06
-4.341707e+06 -3.843740e+06 -3.528294e+06
-4.338416e+06 -3.855712e+06 -3.519293e+06
-4.335103e+06 -3.867665e+06 -3.510274e+06
-4.331769e+06 -3.879597e+06 -3.501237e+06
-4.328412e+06 -3.891510e+06 -3.492182e+06
-4.325033e+06 -3.903404e+06 -3.483110e+06
-4.321631e+06 -3.915277e+06 -3.474020e+06
-4.318208e+06 -3.927130e+06 -3.464912e+06
-4.314763e+06 -3.938963e+06 -3.455786e+06
-4.311296e+06 -3.950776e+06 -3.446643e+06
-4.307807e+06 -3.962569e+06 -3.437482e+06
-4.304295e+06 -3.974342e+06 -3.428304e+06
-4.300762e+06 -3.986094e+06 -3.419109e+06
-4.297207e+06 -3.997826e+06 -3.409895e+06
-4.293630e+06 -4.009538e+06 -3.400665e+06
-4.290031e+06 -4.021229e+06 -3.391417e+06
-4.286410e+06 -4.032900e+06 -3.382152e+06
-4.282767e+06 -4.044550e+06 -3.372870e+06
-4.279102e+06 -4.056179e+06 -3.363571e+06
-4.275416e+06 -4.067788e+06 -3.354254e+06
-4.271708e+06 -4.079376e+06 -3.344921e+06
-4.267978e+06 -4.090943e+06 -3.335570e+06
-4.264226e+06 -4.102489e+06 -3.326203e+06
-4.260452e+06 -4.114014e+06 -3.316818e+06
-4.256657e+06 -4.125519e+06 -3.307417e+06
-4.252839e+06 -4.137002e+06 -3.297999e+06
-4.249001e+06 -4.148464e+06 -3.288564e+06
-4.245140e+06 -4.159905e+06 -3.279112e+06
-4.241258e+06 -4.171325e+06 -3.269644e+06
-4.237354e+06 -4.182723e+06 -3.260159e+06
-4.233428e+06 -4.194100e+06 -3.250657e+06
-4.229481e+06 -4.205456e+06 -3.241139e+06
-4.225513e+06 -4.216790e+06 -3.231604e+06
-4.221523e+06 -4.228103e+06 -3.222053e+06
-4.217511e+06 -4.239394e+06 -3.212486e+06
-4.213477e+06 -4.250664e+06 -3.202902e+06
-4.209423e+06 -4.261911e+06 -3.193302e+06
-4.205346e+06 -4.273137e+06 -3.183685e+06
-4.201249e+06 -4.284342e+06 -3.174053e+06
-4.197129e+06 -4.295524e+06 -3.164404e+06
-4.192989e+06 -4.306685e+06 -3.154739e+06
-4.188827e+06 -4.317823e+06 -3.145058e+06
-4.184644e+06 -4.328940e+06 -3.135361e+06
-4.180439e+06 -4.340034e+06 -3.125648e+06
-4.176213e+06 -4.351106e+06 -3.115920e+06
-4.171966e+06 -4.362156e+06 -3.106175e+06
-4.167697e+06 -4.373184e+06 -3.096415e+06
-4.163407e+06 -4.384189e+06 -3.086639e+06
-4.159096e+06 -4.395173e+06 -3.076847e+06
-4.154764e+06 -4.406133e+06 -3.067039e+06
-4.150410e+06 -4.417071e+06 -3.057216e+06
-4.146035e+06 -4.427987e+06 -3.047377e+06
-4.141639e+06 -4.438880e+06 -3.037523e+06
-4.137222e+06 -4.449751e+06 -3.027654e+06
-4.132784e+06 -4.460598e+06 -3.017769e+06
-4.128325e+06 -4.471423e+06 -3.007868e+06
-4.123845e+06 -4.482225e+06 -2.997953e+06
-4.119344e+06 -4.493005e+06 -2.988022e+06
-4.114821e+06 -4.503761e+06 -2.978076e+06
-4.110278e+06 -4.514495e+06 -2.968114e+06
-4.105714e+06 -4.525205e+06 -2.958138e+06
-4.101128e+06 -4.535892e+06 -2.948147e+06
-4.096522e+06 -4.546556e+06 -2.938140e+06
-4.091895e+06 -4.557197e+06 -2.928119e+06
-4.087247e+06 -4.567815e+06 -2.918083e+06
-4.082579e+06 -4.578409e+06 -2.908032e+06
-4.077889e+06 -4.588981e+06 -2.897966e+06
-4.073179e+06 -4.599528e+06 -2.887885e+06
-4.068448e+06 -4.610052e+06 -2.877790e+06
-4.063696e+06 -4.620553e+06 -2.867680e+06
-4.058923e+06 -4.631030e+06 -2.857555e+06
-4.054130e+06 -4.641484e+06 -2.847416e+06
-4.049316e+06 -4.651914e+06 -2.837263e+06
-4.044481e+06 -4.662320e+06 -2.827095e+06
-4.039626e+06 -4.672702e+06 -2.816912e+06
-4.034750e+06 -4.683060e+06 -2.806716e+06
-4.029854e+06 -4.693395e+06 -2.796505e+06
-4.024937e+06 -4.703706e+06 -2.786280e+06
-4.019999e+06 -4.713992e+06 -2.776040e+06
-4.015041e+06 -4.724255e+06 -2.765787e+06
-4.010063e+06 -4.734494e+06 -2.755519e+06
-4.005064e+06 -4.744708e+06 -2.745238e+06
-4.000044e+06 -4.754898e+06 -2.734942e+06
-3.995005e+06 -4.765064e+06 -2.724633e+06
-3.989944e+06 -4.775206e+06 -2.714310e+06
-3.984864e+06 -4.785323e+06 -2.703973e+06
-3.979763e+06 -4.795416e+06 -2.693622e+06
-3.974642e+06 -4.805485e+06 -2.683258e+06
-3.969501e+06 -4.815529e+06 -2.672880e+06
-3.964339e+06 -4.825548e+06 -2.662488e+06
-3.959157e+06 -4.835543e+06 -2.652083e+06
-3.953955e+06 -4.845513e+06 -2.641664e+06
-3.948733e+06 -4.855459e+06 -2.631232e+06
-3.943491e+06 -4.865379e+06 -2.620786e+06
-3.938229e+06 -4.875275e+06 -2.610327e+06
-3.932946e+06 -4.885146e+06 -2.599855e+06
-3.927644e+06 -4.894992e+06 -2.589370e+06
-3.922321e+06 -4.904814e+06 -2.578871e+06
-3.916978e+06 -4.914610e+06 -2.568360e+06
-3.911616e+06 -4.924381e+06 -2.557835e+06
-3.906234e+06 -4.934127e+06 -2.547297e+06
-3.900831e+06 -4.943848e+06 -2.536747e+06
-3.895409e+06 -4.953544e+06 -2.526183e+06
-3.889967e+06 -4.963214e+06 -2.515607e+06
-3.884505e+06 -4.972859e+06 -2.505018e+06
-3.879023e+06 -4.982479e+06 -2.494416e+06
-3.873522e+06 -4.992073e+06 -2.483801e+06
-3.868000e+06 -5.001642e+06 -2.473174e+06
-3.862459e+06 -5.011186e+06 -2.462535e+06
-3.856899e+06 -5.020703e+06 -2.451882e+06
-3.851318e+06 -5.030196e+06 -2.441218e+06
-3.845719e+06 -5.039662e+06 -2.430540e+06
-3.840099e+06 -5.049103e+06 -2.419851e+06
-3.834460e+06 -5.058519e+06 -2.409149e+06
-3.828801e+06 -5.067908e+06 -2.398435e+06
-3.823123e+06 -5.077272e+06 -2.387709e+06
-3.817425e+06 -5.086609e+06 -2.376971e+06
-3.811708e+06 -5.095921e+06 -2.366220e+06
-3.805972e+06 -5.105207e+06 -2.355458e+06
-3.800216e+06 -5.114467e+06 -2.344683e+06
-3.794440e+06 -5.123701e+06 -2.333897e+06
-3.788646e+06 -5.132908e+06 -2.323099e+06
-3.782832e+06 -5.142090e+06 -2.312289e+06
-3.776999e+06 -5.151245e+06 -2.301467e+06
